0.000000,0.091663,0.119427,0.433917,-0.019902,0.171180,11.547000
1.000000,0.062685,-0.003849,0.500385,-0.030792,0.500385,13.978000
2.000000,0.099604,0.444366,0.500351,0.178447,0.241427,14.484500
3.000000,0.093363,0.040054,0.307077,-0.160213,-0.006676,14.180600
4.000000,0.086212,0.050135,0.163770,-0.354277,-0.220587,15.699900
5.000000,0.096017,-0.101398,-0.045456,-0.500001,-0.241258,14.484500
6.000000,0.055377,-0.242467,-0.091846,-0.352684,-0.165321,9.723900
7.000000,0.049318,0.000000,0.041794,-0.326746,-0.273553,9.825100
8.000000,0.049630,-0.096465,0.152732,-0.156756,0.068327,7.799400
9.000000,0.056795,0.051548,0.321174,0.011896,0.083268,8.204500
10.000000,0.041525,-0.046803,0.179406,-0.152106,-0.085804,8.609600
11.000000,0.028518,0.000000,0.115079,-0.119048,-0.119048,5.976100
12.000000,0.040505,0.081301,0.260164,-0.032520,0.231706,7.292900
13.000000,0.066705,-0.011652,0.415698,-0.046621,0.287492,12.053600
14.000000,0.053513,0.084498,0.135928,-0.077150,0.121235,5.874800
15.000000,0.042682,0.000000,0.121949,-0.121953,-0.086085,6.887700
16.000000,0.025721,-0.065693,0.051096,-0.083943,0.010950,3.747800
17.000000,0.031572,-0.072833,0.058265,-0.138382,-0.120176,5.469600
18.000000,0.050199,0.003732,0.447761,0.003732,0.298507,12.154800
19.000000,0.048540,-0.105634,-0.066901,-0.299294,-0.271126,8.609600
20.000000,0.027028,-0.029783,-0.003723,-0.301564,-0.238274,8.204500
21.000000,0.025413,0.054732,0.199375,-0.011729,0.191556,5.469700
22.000000,0.019010,0.018827,0.018827,-0.060239,-0.048943,2.127100
23.000000,0.014917,-0.057036,-0.026619,-0.171104,-0.095059,4.558100
24.000000,0.025581,0.069767,0.267441,0.050389,0.232558,6.989000
25.000000,0.020816,0.000000,0.092594,-0.111111,-0.040741,5.571000
26.000000,0.035430,0.227782,0.324868,0.014938,0.026138,8.812200
27.000000,0.025880,-0.066864,0.148588,-0.118868,0.111441,7.292800
28.000000,0.029780,0.098113,0.156251,-0.003630,0.029073,4.456700
29.000000,0.017139,-0.003613,-0.003613,-0.177023,-0.119221,4.963200
30.000000,0.021608,0.040711,0.173944,0.033308,0.092522,4.760600
31.000000,0.019986,0.025532,0.076552,-0.102020,-0.025489,4.977700
32.000000,0.013795,0.046155,0.046155,-0.117950,-0.061537,4.551100
33.000000,0.021071,-0.072690,-0.067499,-0.254414,-0.192110,6.968800
34.000000,0.011351,0.026998,0.064797,-0.032397,0.048597,2.560000
35.000000,0.027387,0.000000,0.016044,-0.497328,-0.443852,13.653200
36.000000,0.012589,-0.017603,0.082160,-0.117371,-0.093896,4.835500
37.000000,0.009945,0.000000,0.089713,-0.083733,0.065789,4.124400
38.000000,0.009416,0.000000,0.017711,-0.129869,-0.082641,3.555500
39.000000,0.009380,0.018005,0.150060,0.018005,0.120048,3.555500
40.000000,0.008913,0.017583,0.041030,-0.058617,-0.046895,2.417700
41.000000,0.008530,0.029586,0.041418,-0.071004,0.029586,2.702100
42.000000,0.008298,-0.017649,-0.011763,-0.117647,-0.076472,2.844400
43.000000,0.013769,0.000000,0.244926,-0.029869,0.238949,6.542200
44.000000,0.013393,-0.017101,0.057013,-0.062713,0.005704,2.986600
45.000000,0.013273,-0.005698,0.022776,-0.091119,-0.028474,2.844400
46.000000,0.014944,0.040090,0.063000,-0.211915,-0.206189,6.826600
47.000000,0.013768,-0.089606,-0.041814,-0.310632,-0.286736,7.395400
48.000000,0.007006,-0.006336,0.044358,-0.044363,0.012672,1.991100
49.000000,0.009135,0.050571,0.063211,-0.120102,-0.088496,4.124400
50.000000,0.008681,-0.006434,0.006439,-0.167309,-0.032175,3.840000
51.000000,0.005461,-0.012952,0.071247,-0.071243,-0.051811,3.128900
52.000000,0.009442,0.032723,0.032723,-0.124346,0.013087,3.413300
53.000000,0.008832,0.026111,0.071801,-0.065274,0.039164,2.986600
54.000000,0.011469,-0.110102,-0.058287,-0.259067,-0.226684,5.688800
55.000000,0.010560,0.000000,0.183178,-0.006783,0.040709,3.982200
56.000000,0.007957,-0.074028,0.013457,-0.107675,0.006729,2.560000
57.000000,0.008344,0.053761,0.107526,0.020158,0.047041,2.275500
58.000000,0.006547,-0.013314,0.000000,-0.126499,-0.093210,2.702200
59.000000,0.006317,0.054276,0.081414,-0.061055,-0.027133,2.986600
60.000000,0.009338,-0.020466,0.081853,-0.143251,0.061388,4.693300
61.000000,0.004962,-0.033693,-0.006738,-0.067385,-0.053906,1.422200
62.000000,0.006265,-0.034060,0.040871,-0.061309,-0.040871,2.133300
63.000000,0.016734,0.006867,0.260986,0.006867,0.260986,5.404300
64.000000,0.011026,0.026111,0.058748,-0.032637,0.000000,1.991100
65.000000,0.010365,-0.019579,0.039164,-0.052217,0.032637,1.991000
66.000000,0.011455,-0.032425,0.025941,-0.077819,0.012973,2.275500
67.000000,0.030856,0.058211,0.465716,0.058211,0.368691,10.239800
68.000000,0.015825,-0.060241,0.024097,-0.150602,-0.114459,4.124400
69.000000,0.012016,0.000000,0.098643,-0.092478,0.012333,4.408800
70.000000,0.014355,-0.079953,-0.067654,-0.387455,-0.387455,8.959900
71.000000,0.009777,0.000000,0.066667,-0.073332,0.006666,2.986600
72.000000,0.012664,-0.073235,0.179763,-0.073235,0.126499,5.404400
73.000000,0.009397,-0.058442,0.006493,-0.103895,-0.084417,2.417700
74.000000,0.008749,0.006609,0.158521,0.006609,0.046238,3.413300
75.000000,0.005926,0.039266,0.039266,-0.104711,-0.013092,3.128800
76.000000,0.007059,0.019687,0.091864,-0.059051,-0.045930,3.271000
77.000000,0.006351,-0.019869,0.066225,-0.019869,0.052982,1.848900
78.000000,0.011337,-0.013109,0.170379,-0.045874,0.058974,4.693300
79.000000,0.011359,0.006480,0.090675,-0.246111,-0.084194,7.395400
80.000000,0.008751,-0.019765,0.085636,-0.059289,0.072463,3.128800
81.000000,0.011501,0.000000,0.103895,-0.051950,0.077920,3.413300
82.000000,0.009256,0.038367,0.070336,-0.025572,0.019183,2.133300
83.000000,0.008861,0.006369,0.031847,-0.095541,-0.038216,2.844400
84.000000,0.007877,0.012835,0.083438,-0.025675,0.000000,2.417700
85.000000,0.017064,0.000000,0.211807,-0.051350,0.166880,5.831000
86.000000,0.010425,0.000000,0.086957,-0.018635,0.031056,2.417800
87.000000,0.014226,0.055556,0.074072,-0.092593,-0.055556,3.839900
88.000000,0.010215,-0.037452,0.000000,-0.099874,-0.037452,2.275500
89.000000,0.009027,-0.006288,0.056605,-0.062893,0.025158,2.702200
90.000000,0.010979,0.056321,0.087610,-0.043807,-0.031289,2.986700
91.000000,0.012050,0.012593,0.100755,-0.050380,0.100755,3.413300
92.000000,0.017509,0.006172,0.179013,0.006172,0.074072,4.124400
93.000000,0.056198,-0.006082,0.498786,-0.030414,0.371050,12.373200
94.000000,0.029525,-0.101927,-0.062291,-0.192526,-0.186865,4.835500
95.000000,0.024594,0.017649,0.258824,0.017649,0.141177,6.257700
96.000000,0.027894,0.000000,0.228833,-0.045768,0.097252,6.826600
97.000000,0.016723,-0.016833,0.101012,-0.072949,0.022447,4.408800
98.000000,0.014691,-0.022347,-0.005586,-0.117318,-0.111732,2.986600
99.000000,0.011850,-0.017144,0.080001,-0.080001,-0.062856,3.982200
100.000000,0.012799,0.005786,0.127313,-0.075233,0.086806,4.977700
101.000000,0.009295,0.000000,0.028441,-0.045508,0.011375,1.848900
102.000000,0.018330,0.011353,0.022702,-0.334848,-0.312145,8.959900
103.000000,0.014863,0.006052,0.145279,-0.060533,0.121065,4.835500
104.000000,0.007245,-0.053192,0.011823,-0.065011,-0.047279,1.848900
105.000000,0.006980,-0.011936,-0.011936,-0.167066,-0.101434,3.982200
106.000000,0.004018,0.012183,0.103535,0.006089,0.085263,2.417800
107.000000,0.010824,-0.011974,0.227547,-0.053893,0.161675,6.684400
108.000000,0.008038,-0.011599,0.017403,-0.116009,-0.029002,3.271100
109.000000,0.009365,0.017505,0.093352,-0.023334,-0.011667,2.844400
110.000000,0.012984,-0.029240,0.181286,-0.029240,0.099414,5.119900
111.000000,0.008003,-0.005733,0.028670,-0.057339,-0.005733,2.133300
112.000000,0.010480,-0.028703,0.005740,-0.149253,-0.120550,3.839900
113.000000,0.009990,0.000000,0.029412,-0.135296,-0.123529,3.982200
114.000000,0.018588,0.024126,0.241254,-0.054283,0.199032,6.968800
115.000000,0.037770,0.017403,0.307426,0.000000,0.174014,7.537700
116.000000,0.021314,0.011213,0.140135,-0.056054,0.011213,4.977700
117.000000,0.014139,0.033556,0.089485,-0.083893,-0.044744,4.408800
118.000000,0.030624,0.022574,0.293456,0.005643,0.135441,7.395500
119.000000,0.012643,-0.054945,-0.021979,-0.148350,-0.093405,3.839900
120.000000,0.017688,-0.027996,0.151174,-0.067192,0.033594,5.546600
121.000000,0.009906,0.005561,0.027809,-0.094552,-0.055617,3.128900
122.000000,0.008475,0.011247,0.033745,-0.106862,-0.073117,3.555500
123.000000,0.012937,-0.079909,-0.062785,-0.279681,-0.154108,6.968800
124.000000,0.006446,-0.005888,0.041223,-0.053004,-0.035335,2.275500
125.000000,0.006319,0.011861,0.059312,-0.047451,0.017791,2.560000
126.000000,0.006373,0.000000,0.106385,-0.035460,0.005909,3.413300
127.000000,0.008478,0.017711,0.112161,0.005907,0.076743,2.702200
128.000000,0.007770,0.011626,0.011626,-0.127905,-0.122092,3.413200
129.000000,0.005068,-0.023839,0.053636,-0.047677,0.023839,2.417800
130.000000,0.004054,0.000000,0.029656,-0.017795,-0.011865,1.137800
131.000000,0.006950,0.005944,0.047564,-0.077286,0.041620,2.986600
132.000000,0.006686,0.000000,0.029481,-0.047171,-0.029481,1.848900
133.000000,0.005665,-0.011865,0.041517,-0.035591,0.035586,1.848900
134.000000,0.004633,0.000000,0.017665,-0.058893,-0.058893,1.848800
135.000000,0.008599,-0.065553,-0.065553,-0.214540,-0.214540,5.119900
136.000000,0.005271,0.049811,0.068492,-0.018682,0.018677,1.991100
137.000000,0.005445,-0.037220,0.018612,-0.105457,-0.074440,2.844400
138.000000,0.006094,0.000000,0.151134,-0.018893,0.107051,3.840000
139.000000,0.003346,0.024662,0.030826,-0.018493,-0.006164,1.137700
140.000000,0.004359,-0.006172,0.049384,-0.024692,0.018520,1.706700
141.000000,0.011554,0.012298,0.196800,0.006149,0.135300,4.551000
142.000000,0.005196,-0.023953,0.000000,-0.113773,-0.113773,2.702200
143.000000,0.005363,-0.006127,0.018384,-0.116422,-0.116422,3.128900
144.000000,0.014061,0.006277,0.276036,0.006277,0.156838,6.257700
145.000000,0.007484,0.006086,0.012168,-0.097323,-0.066909,2.560000
146.000000,0.007066,-0.006164,0.055488,-0.018493,0.018497,1.706600
147.000000,0.005611,-0.012288,0.018425,-0.036854,0.006142,1.279900
148.000000,0.017443,-0.061350,-0.061350,-0.398773,-0.177915,9.244300
149.000000,0.013125,-0.012721,0.139952,-0.063613,0.127226,4.551100
150.000000,0.015863,0.000000,0.142682,-0.024815,0.055832,3.840000
151.000000,0.048811,-0.042943,0.447854,-0.110431,0.331289,12.942100
152.000000,0.027548,-0.103569,0.034522,-0.161106,-0.023016,4.835500
153.000000,0.023589,0.011559,0.138729,-0.115607,-0.052024,6.257700
154.000000,0.015541,0.000000,0.040890,-0.116822,0.017525,3.840000
155.000000,0.012558,0.005820,0.029104,-0.098955,-0.040748,3.128900
156.000000,0.010896,-0.041078,-0.017603,-0.093896,-0.052814,2.275500
157.000000,0.010275,0.000000,0.077103,-0.088968,-0.023726,3.982100
158.000000,0.009396,0.000000,0.083433,-0.017880,0.023839,2.417800
159.000000,0.007329,0.017791,0.023721,-0.041521,-0.011865,1.564400
160.000000,0.008596,0.000000,0.053509,-0.023782,0.017838,1.848900
161.000000,0.006502,0.000000,0.005923,-0.053318,-0.035544,1.422200
162.000000,0.023067,-0.041769,-0.035803,-0.274466,-0.190933,6.542200
163.000000,0.010432,0.000000,0.000000,-0.142677,-0.062035,3.271000
164.000000,0.008957,0.000000,0.031407,-0.037688,0.018846,1.564400
165.000000,0.006272,-0.012518,0.006257,-0.056321,-0.050064,1.422200
166.000000,0.007425,-0.012640,0.088496,-0.031606,0.025285,2.702200
167.000000,0.005857,0.006288,0.025158,-0.050316,-0.018870,1.706700
168.000000,0.004686,0.000000,0.018941,-0.044190,-0.037878,1.422200
169.000000,0.004666,0.019086,0.050892,0.006360,0.031807,1.137800
170.000000,0.007615,-0.012640,0.031606,-0.075852,-0.025285,2.417700
171.000000,0.007810,0.025414,0.101655,0.025414,0.069889,2.275600
172.000000,0.007292,0.012530,0.031328,-0.018799,0.025059,1.137800
173.000000,0.008600,0.012471,0.043644,-0.006234,0.024939,1.137800
174.000000,0.006951,0.006203,0.018612,-0.055832,-0.006203,1.706700
175.000000,0.007180,0.000000,0.018635,-0.024846,0.000000,0.995600
176.000000,0.004630,0.000000,0.000000,-0.049691,-0.018635,1.137800
177.000000,0.014273,0.000000,0.093516,-0.024934,0.056111,2.702100
178.000000,0.006498,-0.012329,0.012333,-0.036991,-0.024662,1.137800
179.000000,0.007585,0.006199,0.018589,-0.030979,0.018589,1.137800
180.000000,0.026616,0.000000,0.265434,-0.030864,0.092593,6.826600
181.000000,0.012244,-0.042423,-0.012120,-0.096969,-0.072726,2.275500
182.000000,0.008735,0.000000,0.061501,-0.073803,0.018448,3.128900
183.000000,0.008355,0.006127,0.024511,-0.042890,-0.024511,1.564400
184.000000,0.010081,0.000000,0.006161,-0.073890,-0.073890,1.848900
185.000000,0.008261,0.018752,0.031250,-0.062500,-0.031250,2.133300
186.000000,0.008289,-0.031447,0.062893,-0.044023,0.050316,2.417700
187.000000,0.008958,-0.024907,-0.018682,-0.112081,-0.068497,2.560000
188.000000,0.006372,-0.037878,-0.006312,-0.075756,-0.069444,1.706600
189.000000,0.006032,0.019208,0.076827,-0.006401,0.006401,1.848900
190.000000,0.005198,0.000000,0.076729,-0.012786,0.038367,1.991100
191.000000,0.004926,0.006344,0.006344,-0.069800,-0.044419,1.706700
192.000000,0.006229,0.000000,0.012807,-0.044813,-0.025609,1.280000
193.000000,0.009649,0.000000,0.019307,-0.212353,-0.212353,5.119900
194.000000,0.004935,0.006719,0.040322,-0.040322,0.033602,1.706600
195.000000,0.005751,-0.013354,0.026703,-0.073430,-0.040052,2.133300
196.000000,0.004268,-0.026919,0.067295,-0.026919,0.020186,1.991100
197.000000,0.003539,0.000000,0.026811,-0.033512,0.000000,1.280000
198.000000,0.003378,-0.006701,0.013408,-0.040214,-0.026811,1.137800
199.000000,0.003936,-0.020213,0.006742,-0.047168,-0.033693,1.137800
200.000000,0.005486,0.020355,0.128902,0.013571,0.115335,2.702200
201.000000,0.019822,-0.019896,0.238726,-0.059683,0.238726,6.399900
202.000000,0.022255,0.107593,0.139239,-0.082280,-0.063291,4.977700
203.000000,0.011004,-0.096154,-0.076921,-0.269229,-0.134614,5.973200
204.000000,0.007639,-0.019765,-0.006587,-0.079054,-0.059289,1.706700
205.000000,0.005905,0.006666,0.033333,-0.053335,-0.046665,1.848900
206.000000,0.006145,0.000000,0.080752,-0.013462,0.067295,1.991100
207.000000,0.005906,-0.033201,0.159359,-0.066401,0.046479,4.835400
208.000000,0.003873,0.000000,0.013156,-0.032895,-0.019739,0.995500
209.000000,0.005312,0.000000,0.039634,-0.033025,0.026421,1.564500
210.000000,0.004799,0.006569,0.039421,-0.032852,-0.006569,1.564400
211.000000,0.005197,0.000000,0.013156,-0.085528,-0.085528,2.133300
212.000000,0.006425,0.000000,0.000000,-0.040160,-0.020078,0.853300
213.000000,0.003401,-0.006719,0.040322,-0.013444,0.000000,1.137800
214.000000,0.004695,-0.006719,0.060485,-0.026883,-0.013444,1.848900
215.000000,0.003999,0.013480,0.053910,-0.013475,-0.013475,1.422200
216.000000,0.006669,0.006756,0.020272,-0.168919,-0.148647,3.982200
217.000000,0.009337,0.006963,0.013926,-0.389976,-0.160169,8.248800
218.000000,0.003886,0.000000,0.079136,-0.064749,0.035971,2.844400
219.000000,0.003053,0.000000,0.021431,-0.042856,-0.028572,1.280000
220.000000,0.003058,-0.007183,0.014371,-0.086205,-0.057468,1.991100
221.000000,0.003490,0.000000,0.079941,0.000000,0.072674,1.564400
222.000000,0.002862,0.000000,0.071633,-0.014330,0.028649,1.706700
223.000000,0.002870,0.000000,0.028491,-0.021365,-0.007122,0.995500
224.000000,0.002577,0.000000,0.028532,-0.021395,0.007132,0.995500
225.000000,0.002073,0.014248,0.028491,0.000000,0.021370,0.568900
226.000000,0.002007,0.021279,0.028370,-0.007091,0.014182,0.711100
227.000000,0.002839,-0.007071,0.021218,-0.021213,0.014147,0.853300
228.000000,0.003496,-0.007051,0.021154,-0.028210,-0.014107,0.995500
229.000000,0.004274,0.007076,0.021218,-0.056574,0.014147,1.564400
230.000000,0.006789,0.007051,0.105783,-0.014107,0.056415,2.417800
231.000000,0.003793,0.000000,0.000000,-0.034868,-0.006973,0.711100
232.000000,0.004777,-0.006982,0.027934,-0.020947,0.027934,0.995500
233.000000,0.013557,0.006943,0.173611,-0.041666,0.145832,4.408800
234.000000,0.011617,-0.040485,-0.040485,-0.134953,-0.128206,2.844400
235.000000,0.005289,-0.034626,0.013853,-0.034626,-0.013848,0.995600
236.000000,0.004858,0.027779,0.027779,-0.069444,-0.055558,1.991100
237.000000,0.005407,0.021069,0.112364,0.000000,0.084273,2.275600
238.000000,0.011252,0.006905,0.138122,-0.027625,0.075966,3.413300
239.000000,0.011530,0.000000,0.122451,-0.013604,0.095239,2.844400
240.000000,0.009458,-0.006675,0.046727,-0.026703,0.013349,1.564400
241.000000,0.009826,0.006657,0.106524,-0.026632,0.086553,2.844400
242.000000,0.014768,0.006544,0.117798,0.006544,0.032723,2.559900
243.000000,0.011781,0.071521,0.097529,-0.065019,0.026009,3.555500
244.000000,0.015610,-0.019407,0.168175,-0.051748,0.084085,4.835500
245.000000,0.008388,0.057253,0.076339,-0.069974,-0.057253,3.271100
246.000000,0.009678,-0.025736,0.102964,-0.051477,0.051482,3.413300
247.000000,0.009678,0.000000,0.108278,-0.038216,0.025479,3.271000
248.000000,0.013059,0.000000,0.133079,-0.006336,0.133079,3.128800
249.000000,0.010196,0.000000,0.037036,-0.067900,-0.061728,2.417700
250.000000,0.009591,0.000000,0.025001,-0.106248,-0.087501,2.986600
251.000000,0.005553,0.000000,0.101780,0.000000,0.031807,2.275500
252.000000,0.008832,0.000000,0.037926,-0.075852,0.031606,2.559900
253.000000,0.018214,0.025127,0.232415,0.000000,0.150755,5.262200
254.000000,0.013134,-0.012193,0.085367,-0.054879,0.018294,3.271100
255.000000,0.012735,-0.012153,0.054675,-0.048604,0.018223,2.417700
256.000000,0.008641,0.012109,0.030266,-0.048424,-0.030266,1.848800
257.000000,0.012383,-0.054812,-0.024361,-0.267967,-0.188793,6.257700
258.000000,0.008465,0.006328,0.132911,-0.012656,0.088608,3.271000
259.000000,0.008736,-0.062189,-0.049753,-0.155473,-0.149255,3.555500
260.000000,0.004877,0.019233,0.070512,-0.032051,0.006409,2.275500
261.000000,0.005521,0.025609,0.044817,-0.044813,0.012807,1.991100
262.000000,0.004787,0.012770,0.038313,-0.038318,0.025539,1.706700
263.000000,0.004318,0.019062,0.038123,-0.050823,-0.025409,1.991100
264.000000,0.006111,0.012770,0.038313,-0.095785,-0.063857,2.986600
265.000000,0.009297,-0.006472,0.045276,-0.122899,0.000000,3.697700
266.000000,0.007515,0.000000,0.129366,-0.019407,0.084085,3.271100
267.000000,0.009632,0.000000,0.076339,-0.063613,0.069974,3.128900
268.000000,0.021739,0.000000,0.232123,-0.056458,0.169388,6.542100
269.000000,0.010819,0.036407,0.060680,-0.054612,-0.006067,2.702200
270.000000,0.009695,-0.036455,0.091130,-0.078981,-0.072907,3.982200
271.000000,0.019506,0.012333,0.215783,-0.049319,0.166464,6.115400
272.000000,0.025418,0.161096,0.226728,-0.113366,-0.095469,8.106500
273.000000,0.009575,0.018250,0.042582,-0.060827,-0.042577,2.417800
274.000000,0.015602,0.159508,0.190183,0.018407,0.036809,4.408800
275.000000,0.010050,0.000000,0.103535,-0.127892,0.036540,5.404400
276.000000,0.008264,-0.024180,0.066509,-0.126964,-0.060460,4.551100
277.000000,0.007592,-0.067319,-0.006119,-0.159118,-0.104037,3.697700
278.000000,0.005528,0.006249,0.074998,-0.025001,0.025001,2.275500
279.000000,0.002946,0.000000,0.062189,-0.018658,-0.012440,1.848900
280.000000,0.007063,0.000000,0.031172,-0.162094,-0.162094,4.408800
281.000000,0.008394,0.025774,0.115981,-0.051544,-0.025774,3.697700
282.000000,0.006308,0.006480,0.155441,-0.012952,0.116582,3.697700
283.000000,0.007135,-0.012656,0.158228,-0.063291,0.158228,4.977700
284.000000,0.005092,-0.012268,0.049081,-0.079756,-0.036809,2.986700
285.000000,0.009926,-0.024723,-0.018543,-0.179234,-0.154512,4.124400
286.000000,0.007015,-0.025511,0.019130,-0.108421,-0.006377,2.844400
287.000000,0.004770,-0.006389,0.025539,-0.070246,-0.063857,2.133300
288.000000,0.005480,0.000000,0.058211,-0.090557,-0.090557,3.271000
289.000000,0.004533,-0.026351,0.006587,-0.092228,-0.085641,2.133300
290.000000,0.002121,-0.006701,0.073726,-0.020104,0.053621,1.991000
291.000000,0.004837,0.026526,0.079574,-0.119365,-0.072943,4.266600
292.000000,0.005357,0.020408,0.068028,-0.115648,0.047620,3.881800
293.000000,0.006416,0.006735,0.026951,-0.161728,0.013475,4.025500
294.000000,0.002622,0.000000,0.067205,-0.040322,0.006722,2.300300
295.000000,0.004175,-0.026847,0.080536,-0.127517,0.073823,4.456800
296.000000,0.005077,0.066138,0.092595,-0.013226,0.033067,2.300300
297.000000,0.003583,-0.052560,0.019715,-0.085410,-0.052560,2.300300
298.000000,0.001880,0.000000,0.059760,-0.026562,0.013279,1.869000
299.000000,0.003353,-0.006619,0.039735,-0.099337,-0.079469,3.019100
300.000000,0.005691,-0.020188,-0.006726,-0.228802,-0.168237,4.888100
301.000000,0.003442,-0.020891,0.104456,-0.076599,0.027857,3.737900
302.000000,0.004931,0.013849,0.166203,0.006927,0.131579,3.450400
303.000000,0.003422,-0.033741,0.074222,-0.040485,0.040485,2.444000
304.000000,0.005445,0.053545,0.133871,0.040160,0.073626,2.875400
305.000000,0.004132,-0.006593,0.065964,-0.052768,-0.039577,2.587800
306.000000,0.005077,-0.013296,0.079791,-0.026592,0.026597,2.300300
307.000000,0.005210,-0.019841,0.099205,-0.033067,0.052913,2.875300
308.000000,0.007689,-0.026179,0.098167,-0.039271,0.058900,3.019200
309.000000,0.006067,0.000000,0.084084,0.000000,0.045275,1.868900
310.000000,0.009825,-0.025638,0.320513,-0.025638,0.121795,7.763400
311.000000,0.008262,-0.087607,-0.031287,-0.162700,-0.043801,3.737900
312.000000,0.004355,-0.044193,0.000000,-0.101011,-0.056822,2.300300
313.000000,0.004835,-0.019157,0.057475,-0.051084,0.019157,2.444100
314.000000,0.002694,-0.019084,0.019088,-0.050889,-0.044526,1.581500
315.000000,0.007231,0.000000,0.186133,0.000000,0.141207,4.169200
316.000000,0.004483,-0.018726,-0.018726,-0.099876,-0.087393,2.300300
317.000000,0.002782,0.019060,0.044474,-0.012705,0.006355,1.293900
318.000000,0.002894,0.000000,0.031724,-0.044417,0.012689,1.725200
319.000000,0.003349,0.000000,0.012661,-0.094936,-0.063292,2.444100
320.000000,0.005881,0.006412,0.141026,-0.051280,-0.032050,4.313000
321.000000,0.006796,0.006453,0.045162,-0.129034,-0.045162,3.881800
322.000000,0.007105,0.006512,0.175784,-0.013019,0.156253,4.169300
323.000000,0.007509,0.000000,0.138889,-0.037883,0.082067,4.025600
324.000000,0.005432,0.018633,0.049692,-0.049688,-0.049688,2.300300
325.000000,0.003539,0.000000,0.075282,-0.031366,-0.018820,2.444000
326.000000,0.003846,0.018892,0.050376,-0.031484,0.050376,1.868900
327.000000,0.003890,-0.018703,0.031175,-0.056109,-0.012467,2.012800
328.000000,0.003459,-0.006251,0.012498,-0.068748,-0.049998,1.868900
329.000000,0.004691,0.006310,0.012625,-0.075761,-0.031568,2.012800
330.000000,0.006290,0.019060,0.019060,-0.088943,-0.069884,2.444000
331.000000,0.005861,0.000000,0.025770,-0.064434,-0.019330,2.012700
332.000000,0.004073,-0.032344,0.051744,-0.038809,0.000000,2.012700
333.000000,0.004233,-0.019405,0.032340,-0.077623,-0.045279,2.444100
334.000000,0.004512,-0.013053,0.006529,-0.104439,-0.045693,2.444100
335.000000,0.003923,-0.013174,0.111991,-0.019763,0.079051,2.875400
336.000000,0.002539,0.000000,0.032428,-0.097275,-0.084307,2.875400
337.000000,0.009833,0.072562,0.145119,-0.046171,-0.019789,4.169200
338.000000,0.004526,-0.013243,0.039735,-0.112580,0.033115,3.306600
339.000000,0.023750,0.019737,0.375001,0.019737,0.368421,8.194800
340.000000,0.038951,0.110293,0.422794,0.073529,0.208333,9.920000
341.000000,0.056607,0.000000,0.500001,-0.041177,0.429413,13.226700
342.000000,0.062619,-0.065009,0.260019,-0.113762,0.048754,9.920000
343.000000,0.031729,-0.005366,0.080471,-0.134120,0.010728,5.750700
344.000000,0.052764,0.133833,0.497858,-0.016060,0.497858,13.801700
345.000000,0.106464,0.185005,0.501461,0.121714,0.258033,14.808100
346.000000,0.083772,-0.018516,0.231482,-0.074071,0.097225,9.488600
347.000000,0.079715,0.054495,0.217982,-0.108994,0.113533,10.351300
348.000000,0.075935,-0.159859,-0.119895,-0.337479,-0.253109,10.926400
349.000000,0.060759,-0.009353,0.116932,-0.088868,0.065480,6.325800
350.000000,0.046878,-0.115420,-0.013850,-0.221605,-0.161586,6.900800
351.000000,0.065649,0.057251,0.104962,-0.248094,-0.243322,10.638900
352.000000,0.037491,0.010029,0.100302,-0.055167,0.050151,4.456900
353.000000,0.045860,-0.039724,0.049653,-0.158889,-0.064549,6.038300
354.000000,0.035486,0.005031,0.115695,-0.050303,0.015090,4.744400
355.000000,0.065708,0.030090,0.220662,-0.015045,0.040119,6.757100
356.000000,0.051809,-0.064674,-0.034823,-0.467662,-0.393032,13.514200
357.000000,0.025356,0.059393,0.172783,0.010798,0.086394,4.600500
358.000000,0.033982,0.053076,0.249469,0.005305,0.180467,6.757100
359.000000,0.058682,0.020489,0.379097,0.000000,0.245899,10.638800
360.000000,0.038803,-0.092774,-0.068358,-0.214844,-0.141599,6.325800
361.000000,0.026795,-0.060304,0.140703,-0.060304,-0.015075,5.750800
362.000000,0.053508,0.025200,0.428424,0.025200,0.236895,12.220200
363.000000,0.044119,-0.062561,0.149182,-0.086624,0.052934,7.044700
364.000000,0.029694,-0.061905,-0.033334,-0.219047,-0.152382,6.613300
365.000000,0.064786,0.127702,0.491159,0.068764,0.235758,14.376800
366.000000,0.044885,-0.004691,0.136023,-0.060976,0.112569,6.038300
367.000000,0.061544,-0.068807,0.334864,-0.123852,0.045872,14.376800
368.000000,0.074757,0.068181,0.500001,0.045455,0.500001,15.814500
369.000000,0.098684,0.144629,0.400827,0.045453,0.148759,13.945500
370.000000,0.078576,-0.004011,0.264848,-0.124398,-0.060192,13.945500
371.000000,0.063282,-0.060926,0.199024,-0.121851,0.113729,11.357600
372.000000,0.052740,-0.063543,-0.003972,-0.270055,-0.182684,9.776200
373.000000,0.033284,-0.004123,0.041221,-0.164880,-0.032978,7.188400
374.000000,0.031302,-0.053939,-0.004147,-0.112032,-0.020746,3.881700
375.000000,0.050786,0.037500,0.179166,-0.108334,-0.083334,9.920000
376.000000,0.043308,-0.076270,-0.042371,-0.211864,-0.139829,7.188400
377.000000,0.028354,0.047950,0.152573,0.021795,0.047950,5.031900
378.000000,0.054177,0.017272,0.289293,-0.056129,0.259068,11.501400
379.000000,0.034369,-0.069785,0.110839,-0.069785,0.036945,6.325800
380.000000,0.032404,0.004076,0.158926,-0.105948,-0.085574,9.344900
381.000000,0.044312,-0.058042,0.232172,-0.087064,0.103648,11.070100
382.000000,0.037342,0.020308,0.150284,-0.207150,-0.125914,12.651600
383.000000,0.037412,-0.083334,0.083334,-0.195833,-0.170834,9.632500
384.000000,0.022429,-0.034511,0.112167,-0.107852,0.051768,7.332200
385.000000,0.032538,-0.021348,0.179335,-0.076857,0.081127,8.626100
386.000000,0.022694,0.021010,0.033615,-0.210084,-0.159664,8.338600
387.000000,0.032843,-0.017359,-0.017359,-0.381942,-0.269097,12.651500
388.000000,0.012954,0.027523,0.073395,-0.064219,0.045872,4.313000
389.000000,0.018217,0.009090,0.186364,0.009090,0.127273,5.894500
390.000000,0.013438,-0.022162,0.057625,-0.097518,-0.097518,5.031900
391.000000,0.030118,0.027125,0.501810,0.009040,0.275770,15.958300
392.000000,0.000000,0.000000,0.000000,0.000000,0.000000,0.000000
393.000000,0.000000,0.000000,0.000000,0.000000,0.000000,0.000000
394.000000,0.000000,0.000000,0.000000,0.000000,0.000000,0.000000
395.000000,0.000000,0.000000,0.000000,0.000000,0.000000,0.000000
396.000000,0.000000,0.000000,0.000000,0.000000,0.000000,0.000000
397.000000,0.034975,0.119966,0.119966,-0.338475,-0.338475,15.383200
398.000000,0.039570,0.073530,0.500919,0.073530,0.500919,15.670700
399.000000,0.107087,0.179615,0.501254,0.104428,0.409358,17.252200
400.000000,0.064569,-0.146719,0.011583,-0.289575,-0.185329,11.213900
401.000000,0.041139,0.032076,0.088212,-0.136327,-0.080194,8.051000
402.000000,0.047516,-0.028523,0.195600,-0.044823,0.012225,8.482300
403.000000,0.080354,-0.044714,0.447155,-0.121950,0.345529,20.127500
404.000000,0.056838,-0.064637,0.057034,-0.148288,0.026617,7.763400
405.000000,0.052660,-0.026476,0.128593,-0.117246,-0.109683,9.344900
406.000000,0.044121,0.015469,0.112143,-0.123744,-0.077338,8.769900
407.000000,0.040465,0.000000,0.149251,-0.027495,0.019638,6.469500
408.000000,0.039148,0.019561,0.046948,-0.226916,-0.082159,10.063700
409.000000,0.024956,-0.023866,0.047732,-0.083534,-0.067623,4.744400
410.000000,0.038399,0.040323,0.254033,0.008066,0.149193,9.057400
411.000000,0.050181,-0.113545,-0.082223,-0.473766,-0.344555,17.395900
412.000000,0.024507,-0.037849,0.037847,-0.142980,0.021025,6.182100
413.000000,0.020826,0.004189,0.012563,-0.096316,-0.046065,3.738000
414.000000,0.029448,0.025362,0.211327,0.025362,0.118343,7.188400
415.000000,0.048400,-0.028900,0.499589,-0.107347,0.499589,21.133900
416.000000,0.072257,0.007507,0.225226,-0.045045,0.086335,10.351300
417.000000,0.053884,0.047971,0.195572,-0.059038,0.007382,9.919900
418.000000,0.045329,0.047900,0.158437,-0.058954,0.095798,8.482300
419.000000,0.038511,-0.068689,-0.028922,-0.336225,-0.249455,13.370400
420.000000,0.028390,0.000000,0.106545,-0.076105,0.087517,6.900900
421.000000,0.045746,0.123412,0.254300,-0.130891,-0.115931,14.808100
422.000000,0.031259,0.053600,0.053600,-0.329248,0.022971,14.376800
423.000000,0.041721,-0.064785,0.289635,-0.068597,0.205793,13.514200
424.000000,0.068994,0.087847,0.380674,-0.065885,0.201317,17.539700
425.000000,0.040246,-0.073891,0.007039,-0.267416,-0.267416,11.213900
426.000000,0.046280,-0.070632,0.312267,-0.074350,0.293678,14.951900
427.000000,0.052684,-0.017555,0.035113,-0.498594,-0.488061,21.852700
428.000000,0.030710,-0.058365,0.136187,-0.097276,0.112841,8.626100
429.000000,0.047715,0.000000,0.277776,-0.087520,0.270167,13.801700
430.000000,0.034473,-0.075812,-0.061373,-0.306860,-0.169675,12.220300
431.000000,0.024721,0.000000,0.085948,-0.048580,0.026159,5.175600
432.000000,0.038939,-0.044612,0.174721,-0.204462,0.118957,14.664400
433.000000,0.036141,-0.061727,-0.007261,-0.315904,-0.206970,12.507800
434.000000,0.029307,-0.083333,0.090908,-0.132576,0.053029,8.482300
435.000000,0.032466,-0.033733,0.138680,-0.138680,-0.138680,10.638800
436.000000,0.035976,-0.077102,-0.007709,-0.150348,-0.069390,5.607000
437.000000,0.035542,0.066457,0.234559,0.031273,0.144644,8.626100
438.000000,0.026673,-0.022796,0.068388,-0.072189,-0.037994,5.319400
439.000000,0.030516,-0.019141,0.045941,-0.160795,-0.084227,7.763400
440.000000,0.019761,-0.035046,0.027259,-0.077880,-0.035046,3.881700
441.000000,0.024074,0.011765,0.129411,-0.039216,-0.003922,6.182000
442.000000,0.056847,-0.023548,0.027473,-0.498429,-0.467033,19.264900
443.000000,0.032851,0.017317,0.056278,-0.168830,-0.077921,7.475900
444.000000,0.022298,0.017591,0.123131,-0.017591,0.043976,4.600600
445.000000,0.047075,0.178727,0.309502,0.100263,0.135135,10.207500
446.000000,0.027223,-0.055179,0.038200,-0.118845,-0.110357,5.319400
447.000000,0.020302,-0.026041,0.117189,-0.026041,0.000000,4.744400
448.000000,0.029755,0.030383,0.078127,-0.225693,-0.108507,10.063800
449.000000,0.027133,-0.008872,0.102042,-0.155277,-0.022182,8.338500
450.000000,0.018163,-0.013369,0.022280,-0.071302,-0.062390,3.019100
451.000000,0.015907,0.009027,0.099278,-0.027076,0.031589,4.025500
452.000000,0.035847,0.044844,0.269059,0.031391,0.242153,8.626100
453.000000,0.029071,-0.059882,0.068435,-0.081266,0.051325,5.031900
454.000000,0.023193,-0.008466,0.016936,-0.093142,-0.033868,3.738000
455.000000,0.046883,-0.008527,0.264279,-0.025575,0.161975,9.776200
456.000000,0.035225,-0.004127,0.024776,-0.099091,-0.082575,4.313100
457.000000,0.030462,0.000000,0.109153,-0.100755,-0.067171,7.188400
458.000000,0.026708,-0.034041,0.046807,-0.200000,-0.119149,8.338500
459.000000,0.017648,-0.026155,0.091542,-0.082825,0.074108,5.750700
460.000000,0.034291,-0.021479,0.223367,-0.051549,0.047249,9.201200
461.000000,0.025897,-0.063829,-0.025532,-0.255320,-0.251063,8.626100
462.000000,0.043368,0.004481,0.465951,0.004481,0.376344,14.951900
463.000000,0.044393,-0.037500,0.162501,-0.162501,0.004168,11.214000
464.000000,0.020447,0.000000,0.029140,-0.120734,-0.049958,5.175600
465.000000,0.025827,0.021025,0.042050,-0.172414,-0.138774,7.332100
466.000000,0.016690,0.004326,0.121107,-0.047576,0.030278,5.606900
467.000000,0.020264,-0.008600,0.073085,-0.068788,-0.012898,4.744300
468.000000,0.022974,-0.030173,0.025862,-0.129312,-0.090516,5.175700
469.000000,0.017483,0.017557,0.074625,-0.057068,0.004388,4.313000
470.000000,0.017044,0.017545,0.092104,-0.061402,0.017545,5.031800
471.000000,0.026861,0.000000,0.083042,-0.222903,-0.187936,10.063800
472.000000,0.011266,0.018163,0.045411,-0.054495,-0.004542,3.162800
473.000000,0.020886,-0.004546,-0.004546,-0.318183,-0.254545,10.063800
474.000000,0.028286,-0.019158,0.052680,-0.387931,-0.287357,13.226600
475.000000,0.014893,-0.060975,0.101627,-0.223578,0.076219,9.201200
476.000000,0.015668,-0.095095,0.175176,-0.120119,0.065066,8.482300
477.000000,0.020922,-0.118576,0.118576,-0.242094,-0.232214,10.495000
478.000000,0.019418,0.150260,0.165804,-0.217615,-0.077719,10.638800
479.000000,0.011970,0.031579,0.100000,-0.052632,0.036843,4.169300
480.000000,0.022324,-0.151516,-0.088821,-0.501570,-0.454545,13.801800
481.000000,0.010525,0.097699,0.160919,0.028734,0.114940,4.025500
482.000000,0.011792,0.050561,0.202249,0.028092,0.089888,5.175700
483.000000,0.006676,-0.011036,0.055188,-0.044148,0.027592,2.587800
484.000000,0.016482,0.071351,0.351264,0.021955,0.307358,9.201200
485.000000,0.013432,0.051703,0.051703,-0.087902,-0.025855,3.881700
486.000000,0.028779,0.088359,0.410604,0.046777,0.291060,11.357700
487.000000,0.037090,0.014735,0.314344,-0.039291,0.152259,10.351300
488.000000,0.028534,-0.085795,0.228791,-0.128693,0.109629,10.782600
489.000000,0.019013,-0.088620,0.046642,-0.088620,0.009327,4.169300
490.000000,0.018680,-0.088455,0.148977,-0.088455,0.027933,7.332200
491.000000,0.021677,0.009261,0.069447,-0.120368,-0.092591,5.894500
492.000000,0.024082,0.004715,0.061321,-0.141511,0.009433,6.182100
493.000000,0.015771,0.000000,0.000000,-0.183614,-0.174199,5.606900
494.000000,0.014890,0.043902,0.146340,0.024389,0.053657,4.313000
495.000000,0.025906,0.033785,0.212356,0.009655,0.168920,6.325800
496.000000,0.023590,0.000000,0.037350,-0.093369,0.004670,4.025500
497.000000,0.019040,-0.009327,0.000000,-0.163247,-0.149255,5.031900
498.000000,0.012363,0.000000,0.038463,-0.062501,-0.062501,3.019200
499.000000,0.015123,-0.014606,0.034081,-0.155791,-0.077897,5.606900
500.000000,0.012020,0.019783,0.148370,-0.004943,0.054403,4.456800
501.000000,0.014647,0.004893,0.127203,-0.097849,-0.019570,6.613400
502.000000,0.020729,-0.063851,-0.039291,-0.225932,-0.152259,6.613300
503.000000,0.011734,0.035462,0.075987,-0.050659,-0.045592,3.594200
504.000000,0.013567,0.015337,0.046012,-0.138036,-0.117588,5.175600
505.000000,0.023943,-0.178010,-0.162303,-0.465967,-0.382197,12.795300
506.000000,0.018053,-0.011340,0.147390,-0.022677,0.119046,4.313000
507.000000,0.020933,0.182723,0.337765,0.121816,0.254705,8.769900
508.000000,0.011048,-0.179136,-0.005266,-0.179136,-0.079030,4.888100
509.000000,0.015108,0.010705,0.187367,-0.037474,0.149893,6.038300
510.000000,0.011457,-0.015592,-0.015592,-0.093554,-0.025986,2.587800
511.000000,0.013083,0.057470,0.078369,-0.099269,-0.088821,4.888100
512.000000,0.010124,-0.047872,-0.042552,-0.154256,-0.101064,4.169300
513.000000,0.008337,0.010860,0.103149,-0.032573,-0.016286,3.594200
514.000000,0.012150,0.021788,0.108934,-0.065359,0.049019,4.600600
515.000000,0.008911,0.000000,0.043152,-0.064724,0.016181,2.875400
516.000000,0.019519,0.016129,0.225808,0.005378,0.139786,6.038300
517.000000,0.013002,0.000000,0.000000,-0.135984,-0.125522,3.738000
518.000000,0.010732,0.032189,0.064377,-0.091203,-0.069743,4.169300
519.000000,0.030644,-0.261155,-0.179545,-0.435254,-0.364528,11.501400
520.000000,0.009892,0.035211,0.041081,-0.111503,-0.046947,3.738000
521.000000,0.012936,0.023698,0.082936,-0.142179,-0.023698,5.463100
522.000000,0.009771,0.005954,0.029764,-0.047617,-0.041668,1.869000
523.000000,0.012596,-0.030010,0.024011,-0.216085,-0.198077,5.750700
524.000000,0.017346,0.000000,0.031248,-0.231249,-0.125002,6.038200
525.000000,0.012425,0.012823,0.192310,0.012823,0.192310,4.313100
526.000000,0.015840,0.061729,0.216050,-0.006174,0.024693,5.175700
527.000000,0.051512,0.497542,0.497542,0.282554,0.313265,11.645200
528.000000,0.031425,-0.115605,0.075145,-0.202313,-0.121386,6.900900
529.000000,0.016772,-0.005925,0.053317,-0.207347,-0.189574,6.325800
530.000000,0.009731,0.000000,0.080050,-0.061577,0.036945,3.306700
531.000000,0.009566,-0.006110,0.085577,-0.048898,0.030565,3.162900
532.000000,0.009672,-0.018226,0.097206,-0.030379,0.054677,3.019200
533.000000,0.009259,0.000000,0.072115,-0.012022,0.042068,2.012800
534.000000,0.006064,0.000000,0.029796,-0.053639,-0.023839,2.012800
535.000000,0.007204,-0.017964,0.029938,-0.077845,-0.029943,2.587800
536.000000,0.009103,0.036144,0.036144,-0.120479,-0.120479,3.737900
537.000000,0.008076,0.024933,0.155858,-0.012473,0.105979,3.920500
538.000000,0.005594,0.000000,0.079368,-0.024420,0.036630,2.468500
539.000000,0.006276,-0.012121,0.048488,-0.072726,-0.024242,2.904100
540.000000,0.009053,0.018270,0.127895,0.018270,0.091355,3.049300
541.000000,0.005579,-0.011962,0.000000,-0.077754,-0.005981,1.887700
542.000000,0.009735,0.000000,0.065867,-0.047904,0.041916,2.758800
543.000000,0.005768,0.000000,0.000000,-0.095011,-0.071258,2.323200
544.000000,0.008042,-0.030124,0.084336,-0.084340,-0.006024,4.065700
545.000000,0.008539,-0.036192,-0.030161,-0.126661,-0.120630,3.049300
546.000000,0.005823,-0.012361,0.024722,-0.067984,-0.061804,2.178000
547.000000,0.006283,0.000000,0.006258,-0.131412,-0.112639,3.194400
548.000000,0.005775,-0.012804,0.140843,-0.012804,0.032010,3.484800
549.000000,0.007616,-0.050890,-0.006361,-0.209925,-0.108145,4.791700
550.000000,0.006137,0.006502,0.058521,-0.039011,0.006502,2.178100
551.000000,0.010927,-0.084414,-0.051947,-0.266230,-0.123375,5.953200
552.000000,0.007234,-0.046604,-0.026631,-0.153127,-0.146469,3.339600
553.000000,0.008392,0.061728,0.185183,-0.027439,0.137172,4.501300
554.000000,0.005205,-0.066755,0.000000,-0.120159,-0.053404,2.613600
555.000000,0.005640,0.020243,0.134951,-0.020243,0.053980,3.339600
556.000000,0.005451,-0.013351,0.046728,-0.060079,-0.033377,2.323200
557.000000,0.002282,-0.073924,-0.013441,-0.087364,-0.040322,1.887600
558.000000,0.003086,-0.006775,0.033875,-0.067750,0.000000,2.178000
559.000000,0.002743,0.000000,0.020325,-0.054200,-0.027100,1.597200
560.000000,0.004404,0.006812,0.163485,-0.020436,-0.013624,3.920400
561.000000,0.005317,0.000000,0.088797,-0.075140,-0.075140,3.484900
562.000000,0.009843,-0.110956,-0.110956,-0.499305,-0.429957,10.454500
563.000000,0.004682,-0.007587,0.106220,-0.053110,0.037936,3.049200
564.000000,0.004867,0.000000,0.082835,-0.233431,-0.195780,6.098500
565.000000,0.005305,-0.023511,0.188085,-0.047021,0.141064,4.356000
566.000000,0.004291,0.106706,0.137193,-0.076218,-0.060975,4.065600
567.000000,0.005532,-0.131171,-0.030864,-0.246915,-0.131171,4.646500
568.000000,0.004477,0.000000,0.095086,-0.055472,-0.055472,2.758900
569.000000,0.004951,0.008013,0.064107,-0.184292,-0.160254,4.501300
570.000000,0.005934,0.000000,0.190400,-0.049668,0.190400,4.210900
571.000000,0.004708,-0.031903,0.007974,-0.183416,-0.175442,3.484900
572.000000,0.005272,0.000000,0.132230,-0.041322,0.099172,3.049200
573.000000,0.003409,0.008104,0.008104,-0.097243,-0.072933,1.887600
574.000000,0.006788,-0.041118,0.000000,-0.370066,-0.345396,6.534100
575.000000,0.007291,0.000000,0.247353,-0.053003,0.132513,4.936900
576.000000,0.004642,0.008606,0.111874,-0.025817,0.077452,2.323200
577.000000,0.003865,0.067796,0.101693,0.008474,0.025423,1.742400
578.000000,0.006264,-0.075884,-0.075884,-0.236090,-0.143337,4.065700
579.000000,0.017989,0.034722,0.503471,-0.026047,0.503471,8.857400
580.000000,0.017866,0.031545,0.165613,-0.070982,-0.047318,4.356100
581.000000,0.009264,0.000000,0.023885,-0.159239,-0.103507,3.339700
582.000000,0.005925,-0.016260,0.032520,-0.113820,-0.008130,2.613600
583.000000,0.009897,-0.032573,0.171013,-0.048859,0.024430,3.920500
584.000000,0.007079,-0.040518,-0.008104,-0.178280,-0.137762,3.194400
585.000000,0.006205,-0.058333,0.124998,-0.099999,0.083332,3.920400
586.000000,0.006739,-0.040983,0.098359,-0.049180,0.081966,2.613600
587.000000,0.009071,-0.032258,0.161294,-0.040322,0.104843,3.630100
588.000000,0.006229,-0.015798,0.047393,-0.071094,0.007899,2.178100
589.000000,0.009119,0.000000,0.134068,-0.063091,0.015773,3.630000
590.000000,0.011292,-0.047169,0.235846,-0.149374,0.031446,7.114900
591.000000,0.006781,-0.109373,0.039062,-0.140628,-0.101561,3.339700
592.000000,0.007500,-0.015954,0.159487,-0.015954,0.111641,3.194500
593.000000,0.007686,-0.031201,0.093602,-0.156009,-0.148209,4.646500
594.000000,0.010301,-0.056269,-0.008038,-0.321539,-0.112539,5.808000
595.000000,0.005116,-0.032894,0.024671,-0.164471,-0.139801,3.339600
596.000000,0.005057,0.059221,0.076141,-0.169208,-0.169208,4.210900
597.000000,0.022456,0.008756,0.499130,-0.008756,0.499130,8.421800
598.000000,0.015298,-0.071661,-0.055737,-0.254779,-0.254779,4.646500
599.000000,0.010564,0.016778,0.167783,-0.041946,0.067113,3.630000
600.000000,0.015323,0.008278,0.231791,-0.024834,0.124170,4.501300
601.000000,0.009451,-0.153471,-0.088852,-0.315020,-0.137316,5.662800
602.000000,0.004424,0.008306,0.033222,-0.049833,0.033222,1.452000
603.000000,0.015448,0.033003,0.198023,-0.041254,0.123761,4.210900
604.000000,0.028663,-0.080514,0.475045,-0.128823,0.273754,10.890200
605.000000,0.017186,-0.038167,0.007633,-0.244277,-0.198471,4.791700
606.000000,0.025901,0.214623,0.389507,0.103337,0.270266,7.114900
607.000000,0.020659,-0.090497,0.098043,-0.143286,0.037707,4.646500
608.000000,0.011323,-0.052395,-0.007485,-0.127244,-0.119759,2.468400
609.000000,0.011573,-0.015337,0.007669,-0.115029,-0.069017,2.323200
610.000000,0.009254,-0.023328,-0.023328,-0.139972,-0.101087,2.613700
611.000000,0.010358,0.007936,0.166664,0.000000,0.103173,3.049200
612.000000,0.006966,0.000000,0.062208,-0.031104,-0.015552,1.742400
613.000000,0.011059,0.039001,0.124803,-0.085802,-0.031201,3.920400
614.000000,0.007485,-0.015698,0.054944,-0.086341,-0.070643,2.613600
615.000000,0.007782,-0.015923,0.023885,-0.127392,-0.127392,2.758900
616.000000,0.007248,-0.016340,0.073528,-0.138887,0.065359,3.775200
617.000000,0.006791,-0.008064,0.040322,-0.112902,-0.016129,2.758800
618.000000,0.005252,0.000000,0.000000,-0.129448,-0.113267,2.323200
619.000000,0.004342,-0.033112,0.041390,-0.091058,-0.074502,2.323200
620.000000,0.004340,0.000000,0.092436,-0.033613,0.016806,2.178000
621.000000,0.004141,0.000000,0.083751,-0.033500,-0.008375,2.032800
622.000000,0.002974,-0.050335,0.050335,-0.050335,-0.008389,1.742400
623.000000,0.004067,0.000000,0.100839,-0.016806,0.058823,2.032800
624.000000,0.005172,0.041528,0.066444,-0.041528,0.033222,1.887600
625.000000,0.003519,0.000000,0.008251,-0.099009,-0.099009,1.887600
626.000000,0.003799,0.000000,0.016835,-0.143096,-0.109426,2.758800
627.000000,0.004033,0.017211,0.111874,-0.008606,0.077452,2.032800
628.000000,0.017205,-0.008474,0.389831,-0.016949,0.237285,6.969700
629.000000,0.007097,-0.024272,0.008091,-0.072815,-0.016181,1.452000
630.000000,0.012382,0.284093,0.405844,0.048701,0.097407,7.260100
631.000000,0.006895,-0.071661,-0.055737,-0.135354,-0.095546,2.468500
632.000000,0.005768,0.000000,0.040584,-0.040584,-0.016234,1.452000
633.000000,0.004316,-0.016286,0.048859,-0.057002,-0.048859,1.887600
634.000000,0.003673,0.041118,0.065789,0.000000,0.024671,1.161600
635.000000,0.007223,-0.090015,-0.090015,-0.220946,-0.204580,3.920400
636.000000,0.003107,0.017065,0.042662,-0.025597,0.000000,1.161600
637.000000,0.002303,0.000000,0.034129,-0.025597,0.000000,1.016400
638.000000,0.010767,-0.153587,-0.153587,-0.503412,-0.503412,8.566900
639.000000,0.008768,-0.009488,-0.009488,-0.426945,-0.180270,6.534100
640.000000,0.011963,-0.226375,-0.118109,-0.383860,-0.305114,5.662900
641.000000,0.009076,0.000000,0.041928,-0.356396,-0.303986,5.517700
642.000000,0.007836,0.044642,0.122766,-0.111606,0.100445,3.049200
643.000000,0.006894,-0.087526,-0.032822,-0.382935,-0.350112,5.082100
644.000000,0.019614,-0.094116,0.505884,-0.105881,0.400003,7.550500
645.000000,0.017320,0.119824,0.239656,-0.087145,0.108931,4.356100
646.000000,0.008340,0.010661,0.010661,-0.202556,-0.159913,2.904000
647.000000,0.006735,0.000000,0.165196,-0.077091,0.011013,3.194400
648.000000,0.012871,-0.241755,0.164833,-0.263733,0.109889,5.662800
649.000000,0.015427,0.043010,0.279574,-0.086020,0.129038,4.936900
650.000000,0.010045,-0.083863,-0.031453,-0.356396,-0.241094,4.936900
651.000000,0.007858,-0.033039,0.253308,-0.143170,0.066078,5.227300
652.000000,0.006221,0.010869,0.108694,0.000000,0.032608,1.452000
653.000000,0.011050,0.032397,0.248384,0.032397,0.107990,3.339700
654.000000,0.013858,0.105714,0.158568,-0.042283,0.126856,2.758900
655.000000,0.013166,-0.020618,0.175255,-0.103091,0.020618,3.920400
656.000000,0.007035,-0.041067,0.041067,-0.092401,-0.041067,1.887600
657.000000,0.006852,-0.010352,0.072463,-0.041407,0.000000,1.597200
658.000000,0.008380,0.072463,0.113870,-0.082815,-0.041407,2.758800
659.000000,0.010213,0.000000,0.156574,-0.073075,0.052191,3.194500
660.000000,0.011696,0.010330,0.196278,-0.030991,0.144626,3.194400
661.000000,0.017664,-0.020080,0.281128,-0.090360,0.220880,5.372500
662.000000,0.011602,-0.009615,0.086544,-0.067307,-0.028846,2.323300
663.000000,0.008551,0.029013,0.087046,-0.019342,0.038684,1.597300
664.000000,0.013747,0.000000,0.153555,-0.047984,0.067184,3.049300
665.000000,0.016262,0.000000,0.227269,0.000000,0.170452,3.484800
666.000000,0.015516,-0.073259,0.164833,-0.238098,-0.173990,6.388900
667.000000,0.008126,-0.113857,0.094875,-0.113857,0.028463,3.194500
668.000000,0.006223,0.028301,0.075471,-0.066043,-0.066043,2.178100
669.000000,0.010037,0.009560,0.066927,-0.248563,-0.200762,4.791700
670.000000,0.004289,-0.029880,0.079680,-0.069720,0.059760,2.178000
671.000000,0.004344,0.039370,0.088581,0.009842,0.039370,1.306800
672.000000,0.014377,-0.029296,0.351564,-0.029296,0.283206,5.662900
673.000000,0.010778,-0.046210,0.018484,-0.194089,-0.194089,3.339700
674.000000,0.008851,0.038461,0.038461,-0.211536,-0.096153,3.775200
675.000000,0.008999,0.098038,0.225494,0.019608,0.156867,3.339700
676.000000,0.004858,0.019011,0.038022,-0.076051,-0.019018,1.742500
677.000000,0.004285,-0.095419,0.009548,-0.133586,-0.057251,2.178100
678.000000,0.004203,-0.057914,0.019305,-0.077219,-0.048262,1.452000
679.000000,0.003974,0.009746,0.058479,-0.097465,-0.058479,2.323200
680.000000,0.003055,-0.019724,0.039447,-0.049309,-0.009862,1.306800
681.000000,0.003727,0.000000,0.118575,-0.049406,0.039525,2.468400
682.000000,0.003597,0.019608,0.039215,-0.058823,0.009804,1.452000
683.000000,0.007073,0.000000,0.107631,-0.058708,0.058708,2.468400
684.000000,0.007682,-0.048355,-0.019342,-0.212763,-0.203092,3.194400
685.000000,0.003396,0.030242,0.070564,-0.050403,0.040322,1.742400
686.000000,0.002319,-0.049999,0.010000,-0.079999,-0.020000,1.306800
687.000000,0.003749,0.000000,0.120480,-0.020080,0.050200,2.032800
688.000000,0.004365,0.009940,0.069582,-0.049701,-0.039761,1.742400
689.000000,0.003479,-0.010020,0.010020,-0.110219,-0.080159,1.742400
690.000000,0.007470,0.000000,0.498982,-0.020366,0.498982,7.405300
691.000000,0.013209,-0.129628,-0.092591,-0.287039,-0.092591,4.501300
692.000000,0.008709,-0.047169,0.132074,-0.122646,-0.113212,3.920500
693.000000,0.008280,0.144792,0.144792,-0.125481,-0.096524,4.065700
694.000000,0.005101,-0.039370,0.068897,-0.078739,0.000000,2.178000
695.000000,0.009306,-0.009842,0.039370,-0.344490,-0.305114,5.662900
696.000000,0.004704,0.000000,0.083856,-0.115310,-0.052417,2.758900
697.000000,0.004246,-0.084745,0.127124,-0.127117,0.095345,3.484900
698.000000,0.004946,0.020790,0.176713,0.020790,0.103949,2.468400
699.000000,0.002343,0.000000,0.010183,-0.071282,-0.020366,1.161600
700.000000,0.005972,0.030674,0.102248,-0.051124,-0.030674,2.178000
701.000000,0.003328,-0.010288,0.041152,-0.082303,-0.061728,1.742400
702.000000,0.002577,0.052083,0.062499,-0.031250,0.020833,1.306800
703.000000,0.003669,0.000000,0.062240,-0.041493,0.000000,1.452000
704.000000,0.003672,0.020747,0.062240,-0.051866,0.041493,1.597200
705.000000,0.006598,0.000000,0.195470,0.000000,0.092591,2.758800
706.000000,0.003329,0.030303,0.030303,-0.101009,-0.060605,1.887600
707.000000,0.002984,-0.030674,0.051124,-0.061349,0.030674,1.597200
708.000000,0.004391,0.000000,0.132112,-0.040650,0.050812,2.468400
709.000000,0.003940,0.010060,0.060361,-0.120723,-0.090542,2.613600
710.000000,0.001929,-0.040983,0.030737,-0.061475,0.000000,1.306800
711.000000,0.002702,-0.020492,0.071720,-0.030737,0.020492,1.452000
712.000000,0.003002,0.010204,0.051020,-0.030612,-0.030612,1.161600
713.000000,0.003711,0.010267,0.154002,-0.010267,0.000000,2.323200
714.000000,0.003603,-0.051334,-0.010267,-0.195076,-0.041067,2.758900
715.000000,0.002222,-0.082815,0.093166,-0.082815,-0.020704,2.468400
716.000000,0.004046,-0.093561,0.010395,-0.114351,-0.031185,1.742500
717.000000,0.002714,0.031380,0.125521,0.031380,0.104601,1.742400
718.000000,0.002945,0.030737,0.092212,0.010246,0.071720,1.306800
719.000000,0.005560,0.000000,0.141412,-0.020202,0.090908,2.323200
720.000000,0.006981,0.019841,0.089284,-0.039682,0.059523,1.887600
721.000000,0.004450,0.009804,0.009804,-0.078430,-0.029411,1.306800
722.000000,0.011545,-0.009862,0.256414,-0.069033,0.088756,4.791700
723.000000,0.010779,-0.048449,0.096905,-0.048449,0.096905,2.178100
724.000000,0.015736,0.066539,0.218628,-0.009506,0.114067,3.484800
725.000000,0.007053,-0.046468,-0.009294,-0.120816,-0.037174,1.887600
726.000000,0.012511,0.018726,0.102995,-0.065542,0.074905,2.613600
727.000000,0.011234,0.000000,0.184499,-0.027675,0.147599,3.339600
728.000000,0.028653,0.179215,0.501791,0.000000,0.439068,8.131300
729.000000,0.017142,-0.065897,0.008237,-0.164742,-0.164742,3.049200
730.000000,0.014932,0.025553,0.187391,-0.008518,0.068142,3.339600
731.000000,0.009612,0.000000,0.058823,-0.109242,-0.092436,2.904000
732.000000,0.007530,0.017123,0.034246,-0.094183,-0.017123,2.178100
733.000000,0.020286,0.025773,0.335047,0.017182,0.197592,5.662800
734.000000,0.018530,0.041322,0.165287,-0.016529,0.090908,3.194400
735.000000,0.014791,0.000000,0.000000,-0.137985,-0.032467,2.468400
736.000000,0.021817,-0.016340,0.130723,-0.073528,0.065359,3.630100
737.000000,0.018845,-0.008064,-0.008064,-0.241932,-0.225803,4.356000
738.000000,0.012866,-0.050675,0.092904,-0.143579,0.050675,4.065600
739.000000,0.016090,0.041805,0.108694,-0.075250,0.016722,3.194400
740.000000,0.067003,0.008333,0.499999,-0.066666,0.499999,9.873700
741.000000,0.036117,-0.075757,-0.022727,-0.499998,-0.499998,9.583300
742.000000,0.023596,0.033670,0.218852,-0.016835,0.134678,4.065600
743.000000,0.020308,-0.040983,0.065573,-0.122949,0.057376,3.339600
744.000000,0.019527,-0.008104,0.186389,-0.008104,0.032414,3.484900
745.000000,0.018238,-0.032206,0.104674,-0.161028,0.016103,4.791700
746.000000,0.020976,0.040133,0.088287,-0.024077,0.032108,2.032900
747.000000,0.022435,0.039872,0.143539,-0.047852,0.143539,3.484900
748.000000,0.017618,-0.031007,0.031007,-0.124029,-0.108526,2.904000
749.000000,0.012921,0.031695,0.071314,-0.198101,-0.174329,4.936900
750.000000,0.008816,0.008210,0.041050,-0.114941,-0.049260,2.758800
751.000000,0.009395,-0.008292,0.024875,-0.207294,-0.199002,4.065600
752.000000,0.013168,0.025906,0.224522,-0.112267,0.215886,5.662900
753.000000,0.017324,0.041390,0.231791,0.041390,0.190400,4.065700
754.000000,0.012368,0.039872,0.119616,-0.047852,-0.015954,3.049300
755.000000,0.016496,0.008005,0.192003,-0.095999,0.160003,5.227300
756.000000,0.016893,0.038759,0.186044,-0.069766,-0.031007,4.791600
757.000000,0.018636,-0.007800,0.023401,-0.226211,-0.163810,4.646500
758.000000,0.014292,0.048392,0.274195,0.024193,0.137101,4.936900
759.000000,0.010972,-0.133442,-0.023548,-0.156989,-0.047095,2.904100
760.000000,0.008499,-0.015848,0.007924,-0.126787,-0.095091,2.468500
761.000000,0.007678,-0.008077,0.040387,-0.096929,-0.024232,2.468400
762.000000,0.010938,0.073051,0.170458,-0.016234,0.064934,3.339700
763.000000,0.012287,-0.064102,0.144234,-0.152242,0.104171,5.372500
764.000000,0.016659,0.086341,0.133436,-0.117743,-0.086341,4.646500
765.000000,0.010549,-0.007993,-0.007993,-0.127799,-0.119812,2.323300
766.000000,0.006095,0.000000,0.040916,-0.040916,0.040916,1.452000
767.000000,0.007797,0.000000,0.000000,-0.129868,-0.105518,2.323200
768.000000,0.006140,-0.008292,0.024875,-0.107793,-0.091209,2.323200
769.000000,0.004596,0.008446,0.042229,-0.059121,0.025337,1.742400
770.000000,0.008796,0.000000,0.000000,-0.302523,-0.285716,5.227300
771.000000,0.005686,0.008913,0.035650,-0.115863,-0.115863,2.468400
772.000000,0.005687,0.000000,0.018248,-0.209851,-0.200727,3.630000
773.000000,0.004547,-0.038029,0.133078,-0.057040,0.028517,2.904100
774.000000,0.008946,-0.189040,-0.132330,-0.500945,-0.425331,7.695700
775.000000,0.007196,0.051652,0.134296,-0.020661,0.092974,2.178000
776.000000,0.005855,-0.101418,0.121702,-0.121702,0.000000,3.484800
777.000000,0.004497,-0.040567,0.101418,-0.060851,0.020284,2.323200
778.000000,0.006623,0.020202,0.141412,-0.070706,0.111110,3.049200
779.000000,0.003346,-0.049406,-0.019763,-0.098813,-0.049406,1.452000
780.000000,0.004092,-0.039920,0.000000,-0.089819,-0.079839,1.306800
781.000000,0.003080,0.040567,0.081135,0.000000,0.070993,1.161600
782.000000,0.003296,0.000000,0.030000,-0.049999,0.000000,1.161600
783.000000,0.005233,-0.010000,0.039999,-0.219997,-0.179998,3.775200
784.000000,0.002555,0.000000,0.031120,-0.114113,-0.031120,2.032900
785.000000,0.003405,0.031315,0.146136,0.020877,0.104383,2.032800
786.000000,0.002107,-0.030674,0.020450,-0.081798,-0.051124,1.452000
787.000000,0.002617,0.010330,0.020661,-0.103311,-0.072313,1.742500
788.000000,0.001755,0.011572,0.085278,-0.020011,0.022105,1.458500
789.000000,0.004675,0.010479,0.073375,-0.073375,0.062896,2.041800
790.000000,0.004229,-0.020705,0.031054,-0.082819,-0.051765,1.604300
791.000000,0.003543,-0.020921,0.020921,-0.073221,-0.062757,1.312600
792.000000,0.004139,0.021187,0.042367,-0.095339,-0.052972,1.895900
793.000000,0.002292,0.000000,0.053539,-0.021407,-0.010703,1.020900
794.000000,0.002964,0.010726,0.064380,0.000000,0.000000,0.875100
795.000000,0.003096,0.010726,0.010726,-0.193134,-0.139487,2.771000
796.000000,0.002170,0.033118,0.077262,-0.011034,0.022076,1.166700
797.000000,0.003648,-0.010986,0.000000,-0.208789,-0.208789,2.771000
798.000000,0.002616,0.034401,0.103211,0.000000,0.045873,1.312600
799.000000,0.004512,0.000000,0.204546,0.000000,0.181818,2.625200
800.000000,0.003306,0.000000,0.043854,-0.065792,-0.054831,1.458400
801.000000,0.003308,0.000000,0.033265,-0.022166,0.011091,0.729200
802.000000,0.003232,0.022125,0.033183,-0.088499,-0.077433,1.604300
803.000000,0.004797,-0.022473,0.213480,-0.044946,0.089884,3.354400
804.000000,0.004078,-0.055186,-0.044144,-0.165558,-0.132448,2.187600
805.000000,0.033554,0.090707,0.498863,0.056688,0.487529,6.417100
806.000000,0.022478,-0.216940,-0.123965,-0.299588,-0.175624,4.229500
807.000000,0.011313,-0.064235,0.042828,-0.064235,0.021414,1.458400
808.000000,0.007228,-0.010658,0.000000,-0.117265,-0.074626,1.604200
809.000000,0.005812,-0.010819,0.010827,-0.119049,-0.054111,1.750200
810.000000,0.003371,-0.021883,0.032820,-0.043765,-0.021883,1.020900
811.000000,0.004089,0.000000,0.054944,-0.043958,0.021979,1.312600
812.000000,0.004126,-0.021883,0.021883,-0.076586,-0.065648,1.312600
813.000000,0.006886,0.110869,0.166300,0.055438,0.133043,2.187700
814.000000,0.004998,-0.010803,0.043191,-0.043198,0.032395,1.166700
815.000000,0.004560,-0.042920,-0.010726,-0.107293,-0.096567,1.458400
816.000000,0.011103,0.021883,0.229758,0.000000,0.054703,3.062700
817.000000,0.006577,0.010827,0.032473,-0.108222,-0.075757,1.896000
818.000000,0.007379,-0.021979,-0.021979,-0.186810,-0.164831,2.479300
819.000000,0.002404,0.011360,0.045449,-0.045456,0.022720,1.166700
820.000000,0.002337,-0.022618,0.011317,-0.067868,-0.045243,1.020900
821.000000,0.002460,0.022832,0.068488,-0.022832,0.000000,1.166700
822.000000,0.002347,0.000000,0.011412,-0.057076,-0.022832,0.875000
823.000000,0.005050,-0.091747,-0.034401,-0.229359,-0.091747,2.916900
824.000000,0.007077,0.000000,0.303743,-0.046723,0.163550,4.375300
825.000000,0.003970,-0.022618,0.011317,-0.135745,-0.101803,1.896000
826.000000,0.003014,-0.034647,-0.034647,-0.115478,-0.092382,1.458500
827.000000,0.003295,0.070591,0.129413,0.035292,0.070591,1.604300
828.000000,0.003083,-0.023203,0.000000,-0.127611,-0.127611,1.604300
829.000000,0.001505,0.000000,0.047621,0.000000,0.047621,0.583400
830.000000,0.002582,0.000000,0.070749,-0.011797,0.023578,1.020900
831.000000,0.002231,0.000000,0.011742,-0.046942,-0.035209,0.729200
832.000000,0.003422,0.000000,0.189125,-0.023642,0.070925,2.625200
833.000000,0.003123,0.000000,0.000000,-0.081584,-0.034970,1.020900
834.000000,0.007716,0.000000,0.223010,-0.011734,0.129109,2.916900
835.000000,0.004751,-0.034322,-0.022884,-0.125859,-0.080091,1.604300
836.000000,0.001847,-0.058138,-0.023257,-0.069762,-0.046514,0.875000
837.000000,0.002557,-0.070417,-0.046942,-0.117368,-0.058684,1.458400
838.000000,0.002226,0.000000,0.035635,-0.059381,-0.023754,1.166800
839.000000,0.005264,-0.059664,-0.047727,-0.238657,-0.167063,2.916800
840.000000,0.002108,0.037043,0.049385,0.012350,0.012350,0.583400
841.000000,0.001910,0.036943,0.049255,-0.024632,0.000000,0.875000
842.000000,0.002051,0.012312,0.036943,-0.110838,-0.110838,1.750100
843.000000,0.001912,0.000000,0.075561,-0.025190,0.050371,1.166700
844.000000,0.001544,0.000000,0.037412,-0.024930,-0.012465,0.729200
845.000000,0.008125,0.025001,0.312500,-0.100004,0.075003,4.812900
846.000000,0.004463,-0.160101,-0.086206,-0.246307,-0.135469,2.916900
847.000000,0.005393,0.037972,0.240503,0.000000,0.101261,2.771000
848.000000,0.007392,0.260553,0.260553,0.000000,0.186108,3.062800
849.000000,0.011939,0.000000,0.358850,-0.035883,0.167463,4.812800
850.000000,0.005941,-0.023149,-0.023149,-0.115738,-0.057869,1.458400
851.000000,0.004804,-0.011714,0.046840,-0.105387,-0.011714,1.896000
852.000000,0.005871,-0.011734,0.035217,-0.105634,-0.070417,1.750200
853.000000,0.006220,-0.083333,-0.047621,-0.190476,-0.130954,2.333500
854.000000,0.006560,0.048902,0.110025,0.000000,0.036672,1.312600
855.000000,0.004568,0.000000,0.036413,-0.084951,-0.024273,1.458500
856.000000,0.005334,0.012200,0.097565,-0.036583,-0.012191,1.604300
857.000000,0.006201,0.012221,0.036672,-0.195599,-0.146697,2.771000
858.000000,0.004991,0.025190,0.138540,0.000000,0.100751,1.604300
859.000000,0.004455,0.037043,0.049385,-0.037034,0.012350,1.020900
860.000000,0.010314,-0.012320,0.110838,-0.049263,0.110838,1.896000
861.000000,0.011628,-0.012053,0.084337,-0.048195,0.012045,1.604300
862.000000,0.006581,0.000000,0.048079,-0.060095,-0.036055,1.312600
863.000000,0.006221,0.060531,0.072634,0.012103,0.060531,0.875000
864.000000,0.007734,0.011958,0.059807,-0.047849,0.035883,1.312600
865.000000,0.005165,0.035635,0.047508,-0.035627,-0.023754,1.020900
866.000000,0.006439,0.011938,0.095469,0.000000,0.059672,1.166800
867.000000,0.005263,-0.011797,0.023578,-0.058969,-0.035383,1.020900
868.000000,0.005408,0.035635,0.047508,-0.154388,-0.118762,2.479300
869.000000,0.003760,-0.012170,0.036494,-0.036494,-0.036494,0.875000
870.000000,0.003074,0.012251,0.036762,-0.012260,0.024502,0.583400
871.000000,0.003945,0.000000,0.000000,-0.048774,-0.012191,0.583300
872.000000,0.004355,-0.024451,-0.024451,-0.122246,-0.061123,1.458400
873.000000,0.003393,0.000000,0.024753,-0.037134,-0.024753,0.729300
874.000000,0.010458,-0.024877,-0.012443,-0.211447,-0.199005,2.479400
875.000000,0.004592,0.025908,0.025908,-0.064765,-0.051816,1.020900
876.000000,0.002608,-0.039264,0.026179,-0.052358,0.013094,0.875100
877.000000,0.002323,0.000000,0.013051,-0.052221,-0.052221,0.729200
878.000000,0.002104,0.013189,0.065961,-0.026386,0.039575,1.020900
879.000000,0.002402,-0.026179,0.039264,-0.039264,0.026179,0.875000
880.000000,0.002324,0.000000,0.013017,-0.013017,0.000000,0.291600
881.000000,0.003312,0.000000,0.013017,-0.078128,-0.026043,1.020900
882.000000,0.004932,0.013094,0.117801,0.000000,0.078537,1.312600
883.000000,0.003504,-0.038666,0.000000,-0.090205,-0.025774,1.020900
884.000000,0.002740,-0.025908,0.038857,-0.051816,-0.038857,1.020900
885.000000,0.002887,-0.026111,0.000000,-0.065281,-0.052221,0.729300
886.000000,0.003710,0.000000,0.026386,-0.118734,-0.105545,1.604300
887.000000,0.003630,0.026955,0.026955,-0.080857,0.000000,1.166700
888.000000,0.001994,-0.013473,0.053911,-0.026955,0.040438,0.875100
889.000000,0.001514,0.000000,0.000000,-0.066852,-0.053478,0.729300
890.000000,0.002024,0.000000,0.027028,-0.040547,0.013509,0.729300
891.000000,0.002218,0.000000,0.026955,-0.053911,0.026955,0.875100
892.000000,0.004512,-0.067022,0.040212,-0.093833,0.013410,1.458400
893.000000,0.003233,0.000000,0.013365,-0.120321,-0.120321,1.458400
894.000000,0.005920,-0.013704,0.013694,-0.246576,-0.191789,2.771000
895.000000,0.003026,-0.014241,0.056982,-0.056973,-0.028481,1.166700
896.000000,0.003301,0.000000,0.028645,-0.085963,0.014322,1.166700
897.000000,0.002772,0.000000,0.014281,-0.071427,-0.057145,0.875000
898.000000,0.005067,0.000000,0.028903,-0.115602,-0.057806,1.458400
899.000000,0.004895,-0.029231,-0.029231,-0.160810,-0.131569,1.604200
900.000000,0.003018,0.015010,0.090083,-0.015021,0.015010,1.020900
901.000000,0.003670,0.029941,0.044907,-0.089824,-0.059883,1.312600
902.000000,0.004669,0.030304,0.030304,-0.212120,-0.151511,2.333500
903.000000,0.004676,-0.015631,0.000000,-0.093754,-0.031251,0.875100
904.000000,0.003261,0.000000,0.031448,-0.078614,0.015719,1.020900
905.000000,0.002532,0.031349,0.078379,-0.015669,0.031349,0.875100
906.000000,0.003720,-0.031154,0.046736,-0.124605,-0.109033,1.604300
907.000000,0.004521,0.015930,0.159242,-0.063697,0.127394,2.041900
908.000000,0.006946,-0.031057,0.139752,-0.077648,0.139752,2.041900
909.000000,0.012575,-0.060425,0.135952,-0.105739,0.090628,2.333500
910.000000,0.009090,-0.148364,-0.029675,-0.252221,-0.178039,2.479300
911.000000,0.006360,-0.046150,0.123082,-0.046150,-0.015380,1.604300
912.000000,0.005551,-0.030865,0.061720,-0.077169,-0.015438,1.312600
913.000000,0.004319,0.015486,0.046436,-0.030961,-0.030961,0.729200
914.000000,0.006224,-0.015572,0.015582,-0.109033,-0.015572,1.166800
915.000000,0.003816,0.000000,0.062503,-0.031251,-0.015631,0.875100
916.000000,0.004150,0.000000,0.015680,-0.047019,0.000000,0.583400
917.000000,0.000000,0.000000,0.000000,0.000000,0.000000,0.000000
918.000000,0.000000,0.000000,0.000000,0.000000,0.000000,0.000000
919.000000,0.000000,0.000000,0.000000,0.000000,0.000000,0.000000
920.000000,0.000000,0.000000,0.000000,0.000000,0.000000,0.000000
921.000000,0.000000,0.000000,0.000000,0.000000,0.000000,0.000000
922.000000,0.000000,0.000000,0.000000,0.000000,0.000000,0.000000
923.000000,0.000000,0.000000,0.000000,0.000000,0.000000,0.000000
924.000000,0.000000,0.000000,0.000000,0.000000,0.000000,0.000000
925.000000,0.000000,0.000000,0.000000,0.000000,0.000000,0.000000
926.000000,0.000000,0.000000,0.000000,0.000000,0.000000,0.000000
927.000000,0.014684,0.266463,0.501567,0.156746,0.501567,4.667000
928.000000,0.038176,0.085474,0.384617,0.028491,0.213679,3.937800
929.000000,0.017510,-0.109285,-0.040981,-0.163932,-0.095628,1.750100
930.000000,0.013421,-0.041780,0.000000,-0.139272,-0.055713,1.458400
931.000000,0.013105,0.000000,0.028170,-0.140841,-0.140841,1.750100
932.000000,0.018955,0.014488,0.304345,-0.057973,0.086950,3.646100
933.000000,0.009270,-0.056973,0.000000,-0.142446,-0.028481,1.458400
934.000000,0.012793,-0.042987,0.186239,-0.057309,0.085954,2.479300
935.000000,0.013391,-0.014080,0.169011,-0.014080,0.028170,1.895900
936.000000,0.025831,-0.028012,0.392154,-0.056025,0.210088,4.667000
937.000000,0.026392,-0.080648,0.268810,-0.134414,0.147851,4.375300
938.000000,0.013871,-0.065281,0.000000,-0.130554,-0.104443,1.458500
939.000000,0.013388,0.093333,0.120000,-0.013329,0.000000,1.458400
940.000000,0.011380,0.013329,0.026668,-0.093333,-0.053336,1.312600
941.000000,0.008489,-0.040428,0.040438,-0.067384,-0.013473,1.166800
942.000000,0.008446,0.027028,0.094594,0.000000,0.013509,1.020900
943.000000,0.009815,-0.013473,0.000000,-0.148250,-0.121294,1.604300
944.000000,0.006802,0.041443,0.069059,0.000000,0.041443,0.729200
945.000000,0.005690,0.000000,0.041093,-0.054797,-0.027398,1.020900
946.000000,0.008315,-0.027549,0.013770,-0.123967,-0.027549,1.458400
947.000000,0.008336,0.000000,0.096952,-0.013856,0.055404,1.166800
948.000000,0.008027,-0.013704,-0.013704,-0.136992,-0.136992,1.458500
949.000000,0.005901,0.000000,0.014090,-0.098591,-0.070421,1.166800
950.000000,0.005067,0.000000,0.028573,-0.085718,-0.071427,1.166800
951.000000,0.005258,0.000000,0.043475,-0.057973,0.028987,1.020900
952.000000,0.006038,0.000000,0.000000,-0.144098,-0.129683,1.458500
953.000000,0.006606,-0.044386,0.044375,-0.133136,0.014788,1.750100
954.000000,0.006610,-0.029500,-0.029500,-0.235988,-0.221233,2.333500
955.000000,0.001884,-0.493836,-0.493836,-0.493836,-0.493836,4.667100
956.000000,0.011848,-0.479449,-0.154098,-0.479449,-0.205476,4.083600
957.000000,0.008873,0.017864,0.124999,-0.035716,0.053580,1.312600
958.000000,0.009806,0.035325,0.035325,-0.070674,0.017662,0.875000
959.000000,0.009314,0.000000,0.000000,-0.158451,-0.052813,1.312600
960.000000,0.008833,-0.035589,0.160143,-0.035589,0.142342,1.604300
961.000000,0.010496,0.017308,0.173018,-0.051899,0.069207,1.896000
962.000000,0.006845,0.000000,0.017060,-0.102393,0.017060,1.020900
963.000000,0.008266,-0.068018,0.085043,-0.068018,-0.034015,1.312600
964.000000,0.014722,0.017130,0.325350,-0.034236,0.205488,3.062700
965.000000,0.013806,-0.049350,0.098677,-0.098688,0.082235,1.750100
966.000000,0.009972,0.000000,0.064728,-0.048540,0.000000,1.020900
967.000000,0.010037,0.000000,0.113268,-0.032364,0.016176,1.312600
968.000000,0.010224,0.000000,0.064519,-0.096767,0.048395,1.458400
969.000000,0.026978,0.000000,0.495200,-0.031950,0.319491,4.812800
970.000000,0.019547,-0.180187,-0.075083,-0.225229,-0.195198,2.187700
971.000000,0.021832,-0.062503,0.203128,-0.234379,0.187497,4.083700
972.000000,0.027441,-0.090365,0.331329,-0.180720,0.150598,4.958700
973.000000,0.016723,-0.029231,0.000000,-0.233918,-0.219292,2.333500
974.000000,0.012933,-0.137615,-0.091747,-0.321098,-0.305812,3.062700
975.000000,0.009920,0.000000,0.228011,0.000000,0.211730,2.041800
976.000000,0.011784,0.046872,0.062503,-0.109374,-0.062503,1.604300
977.000000,0.016137,-0.015818,0.205699,-0.063294,0.174052,2.479400
978.000000,0.017611,0.000000,0.152901,-0.045868,0.091747,1.895900
979.000000,0.011271,-0.090094,-0.030031,-0.180187,-0.135135,1.750200
980.000000,0.011085,-0.138889,-0.061731,-0.216058,-0.185193,2.041900
981.000000,0.011285,-0.064094,0.064105,-0.208326,0.048084,2.479300
982.000000,0.010943,0.000000,0.158726,-0.015879,0.000000,1.604300
983.000000,0.007553,-0.031747,0.015868,-0.126989,-0.079374,1.312600
984.000000,0.010416,-0.209670,-0.016124,-0.322572,-0.064508,2.916800
985.000000,0.008838,0.049016,0.098032,-0.147059,-0.114378,2.187600
986.000000,0.008475,0.016717,0.066881,-0.183948,-0.083621,2.187600
987.000000,0.009556,0.034015,0.085043,-0.204079,-0.187065,2.479400
988.000000,0.007927,0.000000,0.053000,-0.159011,0.000000,1.750100
989.000000,0.009062,0.000000,0.282685,-0.017675,0.212010,2.479400
990.000000,0.006071,-0.152543,-0.118643,-0.254242,-0.237286,2.187700
991.000000,0.006657,0.071165,0.124554,0.000000,0.088965,1.020900
992.000000,0.017833,0.069933,0.349653,0.017477,0.192310,2.916900
993.000000,0.008355,-0.050513,0.033671,-0.067343,-0.033671,0.875100
994.000000,0.008670,0.050844,0.152543,0.016944,0.084743,1.312600
995.000000,0.008319,-0.033335,0.016662,-0.133339,0.000000,1.312600
996.000000,0.005902,0.049996,0.083331,-0.150000,-0.150000,2.041800
997.000000,0.005748,-0.017177,0.085908,-0.085908,-0.051543,1.458400
998.000000,0.004172,0.000000,0.069435,-0.069447,0.069435,1.166700
999.000000,0.004819,0.000000,0.000000,-0.136980,-0.085614,1.166700
1000.000000,0.006201,0.069689,0.121950,0.017428,0.104534,1.020900
1001.000000,0.005118,-0.034131,0.034131,-0.068262,0.000000,0.875100
1002.000000,0.006385,0.017060,0.136513,0.017060,0.051191,1.166700
1003.000000,0.006431,0.016898,0.033785,-0.135129,-0.118242,1.458400
1004.000000,0.006968,-0.069207,-0.069207,-0.190313,-0.190313,1.604300
1005.000000,0.003942,0.035973,0.071945,0.000000,0.053965,0.583400
1006.000000,0.005361,-0.053389,-0.017800,-0.106766,-0.106766,0.875100
1007.000000,0.005771,-0.054541,0.036365,-0.090907,-0.018176,1.020900
1008.000000,0.004624,0.018243,0.054740,-0.018255,0.018243,0.583400
1009.000000,0.003874,0.000000,0.018176,-0.054541,-0.018176,0.583300
1010.000000,0.006018,-0.036498,-0.036498,-0.145991,-0.127749,1.166800
1011.000000,0.005544,-0.018721,0.149819,-0.056176,0.112364,1.604300
1012.000000,0.005987,0.000000,0.036632,-0.091573,-0.073263,1.020900
1013.000000,0.004757,0.000000,0.000000,-0.130111,-0.092934,1.020900
1014.000000,0.004737,0.000000,0.075761,-0.056814,0.018947,1.020900
1015.000000,0.007017,-0.037737,0.000000,-0.245286,-0.150949,1.896000
1016.000000,0.003583,-0.019449,0.038912,-0.058362,0.000000,0.729200
1017.000000,0.012651,0.000000,0.505844,0.000000,0.505844,3.792000
1018.000000,0.055943,0.494695,0.494695,0.282685,0.494695,4.083600
1019.000000,0.043092,-0.144695,-0.080384,-0.418012,-0.401929,3.792000
1020.000000,0.025023,0.087410,0.174820,-0.052444,0.034966,1.895900
1021.000000,0.037517,-0.052091,0.399304,-0.104171,0.295133,4.229500
1022.000000,0.023728,-0.098354,0.000000,-0.245895,-0.213118,2.187600
1023.000000,0.013390,-0.017118,0.051378,-0.102732,0.034248,1.312600
1024.000000,0.012960,-0.068018,0.068030,-0.170064,-0.170064,2.041800
1025.000000,0.008024,0.052813,0.088026,-0.035213,-0.017600,1.020900
1026.000000,0.011403,-0.035337,-0.035337,-0.194348,-0.194348,1.604300
1027.000000,0.007466,0.045123,0.210829,0.026708,0.045123,1.672700
1028.000000,0.009710,0.018237,0.054737,-0.127737,-0.109499,1.460800
1029.000000,0.007702,-0.018646,0.130597,-0.055963,-0.037304,1.460800
1030.000000,0.007371,0.018799,0.037585,-0.112780,-0.112780,1.168600
1031.000000,0.006532,0.000000,0.057685,-0.115396,-0.038465,1.314800
1032.000000,0.005407,0.019382,0.077514,0.000000,0.077514,0.584300
1033.000000,0.010125,0.000000,0.171759,-0.057244,0.019086,1.753000
1034.000000,0.008828,0.000000,0.152093,0.000000,0.095053,1.168700
1035.000000,0.004147,-0.055963,0.000000,-0.093280,-0.018646,0.730400
1036.000000,0.008795,0.000000,0.168530,-0.018728,0.131086,1.460800
1037.000000,0.007420,0.018237,0.109487,-0.018250,0.091237,1.022600
1038.000000,0.011560,0.017923,0.197127,0.017923,0.071679,1.606900
1039.000000,0.007150,-0.070666,0.017670,-0.123675,-0.088336,1.168700
1040.000000,0.005422,0.017987,0.053962,-0.035975,0.000000,0.730500
1041.000000,0.004533,0.035975,0.071949,-0.017987,0.017987,0.730500
1042.000000,0.004803,0.053769,0.053769,-0.017923,0.017923,0.584400
1043.000000,0.017249,0.285717,0.464281,0.071423,0.125000,3.798200
1044.000000,0.012705,-0.174221,-0.121951,-0.261325,-0.226479,2.191300
1045.000000,0.005805,-0.109499,-0.036500,-0.145987,-0.091250,1.168700
1046.000000,0.005192,0.000000,0.055767,-0.037166,0.000000,0.730400
1047.000000,0.008483,0.018589,0.278812,0.000000,0.185879,2.191300
1048.000000,0.008103,-0.035846,0.089602,-0.089602,0.017923,1.460800
1049.000000,0.005994,-0.017859,0.053564,-0.035718,0.000000,0.730400
1050.000000,0.005574,0.035718,0.053564,-0.035718,0.017859,0.730400
1051.000000,0.010032,0.017795,0.160133,0.017795,0.053374,1.314700
1052.000000,0.004136,-0.017607,0.017607,-0.088025,-0.052810,0.876500
1053.000000,0.003517,-0.017795,0.053374,-0.053386,-0.017795,0.876500
1054.000000,0.005260,-0.071435,-0.071435,-0.178576,-0.089294,1.460900
1055.000000,0.004146,0.000000,0.090918,-0.018171,0.072734,0.876500
1056.000000,0.011358,0.035846,0.215050,-0.017923,0.179216,1.899100
1057.000000,0.016243,0.276807,0.501718,0.190306,0.501718,4.236400
1058.000000,0.062766,0.455976,0.455976,0.000000,0.220136,4.236500
1059.000000,0.048418,-0.210853,0.271079,-0.210853,0.180719,4.674800
1060.000000,0.034720,-0.116280,-0.014536,-0.232560,-0.232560,2.337400
1061.000000,0.020817,-0.060971,0.030491,-0.121952,0.000000,1.460900
1062.000000,0.018744,-0.045726,0.091462,-0.060971,0.045736,1.460800
1063.000000,0.012895,0.015107,0.015107,-0.120847,-0.120847,1.314800
1064.000000,0.020473,0.030963,0.216718,0.015481,0.216718,2.045200
1065.000000,0.012810,0.014838,0.029676,-0.148372,-0.059353,1.753100
1066.000000,0.020542,0.015016,0.045049,-0.285282,-0.255249,3.213900
1067.000000,0.015759,0.015824,0.079111,-0.253167,-0.237343,3.067800
1068.000000,0.010152,0.049827,0.066440,-0.083053,-0.049839,1.314700
1069.000000,0.017911,0.201350,0.469798,0.201350,0.453029,4.090400
1070.000000,0.019932,0.030762,0.507688,0.015376,0.507688,4.820800
1071.000000,0.068146,0.097765,0.502794,0.000000,0.502794,5.259100
1072.000000,0.072546,0.088832,0.431470,-0.266497,0.164973,8.034700
1073.000000,0.083960,0.012286,0.503683,0.000000,0.503683,5.989500
1074.000000,0.071659,0.000000,0.078125,-0.502227,-0.412948,7.596400
1075.000000,0.045074,-0.060825,0.073000,-0.279799,-0.097316,4.236500
1076.000000,0.000000,0.000000,0.000000,0.000000,0.000000,0.000000
1077.000000,0.000000,0.000000,0.000000,0.000000,0.000000,0.000000
1078.000000,0.000000,0.000000,0.000000,0.000000,0.000000,0.000000
1079.000000,0.000000,0.000000,0.000000,0.000000,0.000000,0.000000
1080.000000,0.000000,0.000000,0.000000,0.000000,0.000000,0.000000
1081.000000,0.003237,0.496274,0.496274,0.496274,0.496274,5.843400
1082.000000,0.006562,0.496615,0.496615,0.496615,0.496615,6.427800
1083.000000,0.080106,0.133469,0.297742,-0.318277,-0.164273,8.765200
1084.000000,0.040694,0.010617,0.350316,-0.010617,0.095543,4.966900
1085.000000,0.027101,-0.104169,0.093752,-0.197921,-0.166668,4.090500
1086.000000,0.027073,-0.053877,0.172416,-0.226293,0.010777,5.405200
1087.000000,0.020332,0.000000,0.021507,-0.225806,-0.215052,3.360000
1088.000000,0.014181,0.056177,0.078651,-0.146066,0.011237,2.921700
1089.000000,0.012066,0.089679,0.112103,-0.089687,0.033628,2.629500
1090.000000,0.036243,0.089088,0.501116,0.033411,0.278400,6.573900
1091.000000,0.020544,-0.158228,-0.073839,-0.274266,-0.210976,3.798300
1092.000000,0.019588,0.022029,0.264320,-0.022021,0.099121,3.798200
1093.000000,0.014232,0.032401,0.118795,-0.194381,-0.097194,4.236500
1094.000000,0.012762,-0.022021,0.088107,-0.088099,-0.066078,2.337300
1095.000000,0.014014,0.000000,0.066963,-0.212051,-0.200889,3.652100
1096.000000,0.011319,-0.011629,0.104653,-0.139540,-0.081395,3.067900
1097.000000,0.007415,-0.023643,0.118198,-0.023643,0.070921,1.753000
1098.000000,0.007926,0.000000,0.081585,-0.069929,0.069929,1.899100
1099.000000,0.009427,-0.011495,0.045981,-0.137929,-0.137929,2.337400
1100.000000,0.026759,0.059099,0.496453,0.023643,0.496453,6.135600
1101.000000,0.019761,0.000000,0.086022,-0.139784,-0.010754,3.067800
1102.000000,0.010199,0.000000,0.000000,-0.183192,-0.172416,2.483500
1103.000000,0.036127,-0.066963,0.502235,-0.200889,0.502235,9.203400
1104.000000,0.029857,-0.020286,0.202838,-0.081137,-0.040565,4.090400
1105.000000,0.027129,0.000000,0.316969,-0.071574,0.163594,5.551200
1106.000000,0.033503,-0.049503,0.336639,-0.069307,-0.029699,5.989600
1107.000000,0.034614,0.029877,0.358566,-0.059760,0.278884,6.135600
1108.000000,0.025573,-0.132075,0.132075,-0.141510,-0.037739,4.236500
1109.000000,0.035147,0.028520,0.503805,-0.028513,0.503805,8.180800
1110.000000,0.027369,0.034540,0.146807,-0.172710,-0.086358,5.405200
1111.000000,0.033878,0.000000,0.413009,0.000000,0.404221,6.866100
1112.000000,0.030662,-0.097559,0.089428,-0.227642,-0.024393,5.697300
1113.000000,0.034436,-0.130715,-0.049019,-0.424833,-0.114379,7.596400
1114.000000,0.025992,0.108695,0.309366,-0.008362,0.041810,5.551300
1115.000000,0.043620,0.000000,0.497509,-0.066336,0.398008,9.933800
1116.000000,0.024680,0.007681,0.030720,-0.153609,-0.084488,3.506000
1117.000000,0.036575,-0.015621,0.000000,-0.500000,-0.429686,9.349500
1118.000000,0.030756,0.111110,0.470084,0.068377,0.282049,8.034700
1119.000000,0.025273,0.097091,0.258902,-0.008086,0.202268,4.820800
1120.000000,0.033750,0.038879,0.443235,-0.077763,0.334370,9.787800
1121.000000,0.028874,0.087462,0.204081,-0.116619,0.029152,6.427800
1122.000000,0.022574,0.065219,0.130437,-0.079708,-0.057967,4.236500
1123.000000,0.049195,0.036655,0.498531,0.036655,0.491199,9.933800
1124.000000,0.030090,-0.060081,-0.013352,-0.213616,-0.020024,4.674700
1125.000000,0.030203,-0.147453,0.020105,-0.382037,-0.107240,8.765100
1126.000000,0.031850,-0.047945,0.006850,-0.342466,-0.260275,7.450400
1127.000000,0.041257,-0.072251,-0.007226,-0.404624,-0.332367,8.180800
1128.000000,0.028569,0.038698,0.108359,-0.278638,-0.216723,7.304300
1129.000000,0.025579,0.056634,0.364080,-0.048543,0.153725,7.450400
1130.000000,0.028126,0.000000,0.031395,-0.298275,-0.298275,6.135600
1131.000000,0.048140,0.091823,0.150253,-0.500831,-0.267109,11.394700
1132.000000,0.024021,-0.070547,-0.017638,-0.291009,-0.238100,4.820900
1133.000000,0.018198,0.074075,0.287039,0.009260,0.092595,4.528700
1134.000000,0.016774,0.036361,0.118181,-0.136364,-0.072728,4.090400
1135.000000,0.013064,0.018452,0.027678,-0.156823,-0.055350,2.921700
1136.000000,0.012565,-0.093286,0.065298,-0.149255,0.009329,3.360000
1137.000000,0.016998,0.018624,0.167595,-0.083801,-0.018624,3.944300
1138.000000,0.023516,0.000000,0.401869,-0.009347,0.261682,6.427800
1139.000000,0.020565,0.035527,0.213146,-0.017764,0.106570,3.798300
1140.000000,0.015838,0.000000,0.043482,-0.130430,0.008696,2.921700
1141.000000,0.042834,0.104171,0.503473,0.008681,0.390627,8.473000
1142.000000,0.021816,0.048308,0.080518,-0.056361,0.008052,2.483500
1143.000000,0.023173,0.000000,0.144692,-0.088427,-0.032157,4.236500
1144.000000,0.015073,-0.016177,0.113274,-0.072811,0.016183,3.360000
1145.000000,0.016868,-0.008065,0.040321,-0.233871,-0.177420,4.966900
1146.000000,0.019984,0.000000,0.250837,-0.025080,0.200671,4.820800
1147.000000,0.016598,0.016079,0.088422,-0.056270,0.008039,2.629500
1148.000000,0.015049,0.008026,0.032100,-0.112359,-0.056180,2.629500
1149.000000,0.013248,0.008118,0.056818,-0.170454,-0.081171,4.090400
1150.000000,0.028269,-0.008252,0.445548,-0.033001,0.231023,8.473000
1151.000000,0.016597,0.063092,0.110410,-0.165615,-0.126184,5.113000
1152.000000,0.010992,-0.056634,0.153725,-0.056634,0.048548,3.798300
1153.000000,0.012273,0.000000,0.048076,-0.096158,-0.056090,2.629600
1154.000000,0.013795,-0.016209,0.016203,-0.145870,-0.121556,2.921700
1155.000000,0.028780,0.033220,0.033220,-0.390369,-0.299003,7.450400
1156.000000,0.019978,-0.097176,-0.097176,-0.326856,-0.265019,5.405200
1157.000000,0.022530,0.000000,0.279852,-0.083957,0.046640,5.697400
1158.000000,0.011798,-0.009243,0.046215,-0.110904,-0.101661,2.483500
1159.000000,0.014257,-0.009435,0.028298,-0.122640,0.000000,2.337300
1160.000000,0.010564,0.056603,0.056603,-0.103777,-0.084907,2.483500
1161.000000,0.009880,0.000000,0.019196,-0.115161,-0.057581,2.045200
1162.000000,0.011899,0.009710,0.038832,-0.126212,-0.029129,2.483400
1163.000000,0.023616,0.068359,0.332036,-0.019526,0.048833,5.259100
1164.000000,0.010412,0.000000,0.106380,-0.116059,0.038682,3.360000
1165.000000,0.009715,0.019196,0.134357,-0.057581,-0.019196,2.921700
1166.000000,0.008138,-0.038533,0.019270,-0.115605,-0.105970,2.045200
1167.000000,0.020997,-0.019687,0.029524,-0.383861,-0.246066,6.135600
1168.000000,0.012473,-0.031052,0.217391,-0.093163,0.165633,4.382500
1169.000000,0.007425,0.000000,0.070140,-0.110217,-0.040077,2.629500
1170.000000,0.006020,0.000000,0.080809,-0.090911,-0.050510,2.483500
1171.000000,0.007383,-0.020403,0.091839,-0.081627,0.081634,2.483400
1172.000000,0.005196,0.000000,0.000000,-0.080322,-0.060240,1.168700
1173.000000,0.013736,0.060975,0.213414,-0.050811,0.050811,3.798200
1174.000000,0.011151,-0.090538,0.000000,-0.231383,-0.231383,3.359900
1175.000000,0.013832,-0.052748,0.137129,-0.147679,-0.073839,3.944300
1176.000000,0.010426,0.000000,0.021408,-0.246254,-0.182016,3.652100
1177.000000,0.006604,0.000000,0.088890,-0.011112,0.033337,1.314800
1178.000000,0.009503,0.000000,0.077262,-0.154525,0.022070,3.067800
1179.000000,0.009601,0.000000,0.175826,-0.032963,0.109893,2.775600
1180.000000,0.019218,0.000000,0.322582,-0.118284,0.301075,5.989600
1181.000000,0.016518,-0.030429,0.141988,-0.101423,-0.010143,3.506100
1182.000000,0.019437,0.040654,0.071138,-0.172767,-0.132113,3.506100
1183.000000,0.011102,0.031318,0.041751,-0.114826,-0.041758,2.191300
1184.000000,0.007768,-0.052629,0.021055,-0.105259,-0.084204,1.753000
1185.000000,0.011529,0.021408,0.053531,-0.182016,-0.149893,3.213900
1186.000000,0.011906,-0.033116,0.298011,-0.099340,0.231787,5.259100
1187.000000,0.011365,-0.021099,-0.021099,-0.253167,-0.189877,3.506100
1188.000000,0.005497,-0.021932,0.120618,-0.087720,0.043864,2.775700
1189.000000,0.010873,-0.076087,0.000000,-0.271743,-0.108699,3.652200
1190.000000,0.007789,-0.111114,0.166667,-0.111114,0.066665,3.652200
1191.000000,0.013840,-0.054822,0.372805,-0.065788,0.230263,5.843400
1192.000000,0.009461,0.000000,0.104825,-0.073375,-0.031442,2.483500
1193.000000,0.012920,-0.021099,0.221518,-0.084389,0.116030,4.236500
1194.000000,0.007753,0.041241,0.041241,-0.164950,-0.123709,2.921800
1195.000000,0.009130,0.021136,0.126848,-0.084567,0.052852,2.921700
1196.000000,0.009051,0.000000,0.000000,-0.230126,-0.156904,3.213900
1197.000000,0.011524,0.010800,0.010800,-0.205181,-0.205181,2.921700
1198.000000,0.011768,0.000000,0.326577,-0.045049,0.045042,4.820900
1199.000000,0.010073,-0.111603,-0.022316,-0.234375,-0.178566,3.067800
1200.000000,0.014383,-0.081018,-0.034726,-0.370374,-0.162045,4.674800
1201.000000,0.008086,-0.023918,0.047852,-0.179419,-0.131575,2.775600
1202.000000,0.007922,0.036859,0.245699,0.024572,0.024572,2.921700
1203.000000,0.007574,-0.012226,0.097800,-0.073348,0.048896,2.045200
1204.000000,0.005915,-0.060530,0.000000,-0.145276,-0.133168,1.753000
1205.000000,0.007478,0.000000,0.074625,-0.136820,-0.062195,2.483500
1206.000000,0.005189,-0.012587,0.100757,-0.037778,-0.012587,1.606900
1207.000000,0.005646,-0.012627,0.000000,-0.202022,-0.113639,2.337400
1208.000000,0.005711,-0.051685,0.142115,-0.051685,0.077518,2.191300
1209.000000,0.004604,-0.038172,0.089058,-0.089058,-0.038172,2.045200
1210.000000,0.010344,0.064109,0.423083,0.064109,0.346161,4.820900
1211.000000,0.012570,0.011983,0.287764,-0.023983,0.215823,3.798200
1212.000000,0.011769,0.011495,0.206901,0.000000,0.045981,2.629600
1213.000000,0.007069,0.022773,0.125281,-0.125289,-0.091117,3.213900
1214.000000,0.007016,0.011602,0.127606,-0.034806,0.023196,2.045200
1215.000000,0.018065,0.011548,0.346422,-0.057734,0.173211,5.113000
1216.000000,0.013401,-0.089287,0.033485,-0.223213,-0.167412,3.360000
1217.000000,0.013207,-0.023089,0.219405,-0.034637,0.173211,3.213900
1218.000000,0.008446,0.078125,0.133934,-0.066963,-0.044640,2.629600
1219.000000,0.007171,0.000000,0.123870,-0.067566,0.011262,2.483400
1220.000000,0.008617,0.056177,0.157303,-0.011237,0.000000,2.191300
1221.000000,0.008851,-0.033711,0.089889,-0.101126,0.033703,2.483500
1222.000000,0.014449,0.011162,0.245536,0.011162,0.167412,3.213900
1223.000000,0.014031,-0.021600,0.010800,-0.367169,-0.345569,5.113000
1224.000000,0.007312,0.011602,0.069604,-0.243619,-0.127614,3.944300
1225.000000,0.007773,0.011906,0.261905,0.000000,0.178572,3.213900
1226.000000,0.007682,0.000000,0.011495,-0.137929,-0.057469,1.899100
1227.000000,0.014427,-0.069766,0.348839,-0.081395,0.162790,5.405200
1228.000000,0.008243,0.022525,0.101353,-0.090091,0.022525,2.483500
1229.000000,0.008188,0.044840,0.134527,0.000000,0.022416,1.753000
1230.000000,0.006200,-0.022316,0.033485,-0.078125,-0.044640,1.460900
1231.000000,0.006178,0.011262,0.112608,-0.022525,0.056304,1.753000
1232.000000,0.007118,-0.011137,0.000000,-0.122491,-0.089088,1.606900
1233.000000,0.006941,0.000000,0.000000,-0.158730,-0.147391,2.045200
1234.000000,0.006903,0.011683,0.011683,-0.163551,-0.151868,2.191300
1235.000000,0.005194,0.024099,0.144576,-0.048197,0.012049,2.337400
1236.000000,0.004726,0.048073,0.156248,-0.012020,0.120187,2.045200
1237.000000,0.004822,0.000000,0.035215,-0.070421,-0.035207,1.314800
1238.000000,0.004714,-0.011821,0.023643,-0.094564,-0.070921,1.460900
1239.000000,0.011109,0.011983,0.263789,0.011983,0.167865,3.213900
1240.000000,0.008977,0.000000,0.220415,-0.046408,0.104402,3.360000
1241.000000,0.005629,0.000000,0.045459,-0.124996,-0.090902,2.191300
1242.000000,0.004498,-0.011575,0.046293,-0.034726,0.011567,1.022600
1243.000000,0.015974,0.023097,0.265591,-0.011541,0.103928,3.506000
1244.000000,0.035418,0.000000,0.497739,-0.011313,0.373300,6.573900
1245.000000,0.040001,-0.094732,0.505269,-0.094732,0.505269,8.326900
1246.000000,0.032340,-0.057360,0.066921,-0.191203,-0.086044,3.944300
1247.000000,0.022225,-0.009729,0.175101,-0.087550,0.009729,3.944400
1248.000000,0.024839,0.000000,0.242715,-0.038839,0.242715,4.236500
1249.000000,0.025155,0.175930,0.268519,-0.064815,-0.009254,5.259100
1250.000000,0.034636,0.074206,0.417435,0.046380,0.287565,6.573800
1251.000000,0.021284,-0.043858,0.087722,-0.087716,0.087722,2.921700
1252.000000,0.024511,-0.008622,0.258622,-0.068966,0.077588,5.551300
1253.000000,0.025042,-0.076402,0.195242,-0.118851,0.152798,5.405200
1254.000000,0.017421,-0.024714,0.074137,-0.131797,-0.098845,3.652200
1255.000000,0.026430,0.008404,0.067228,-0.252102,-0.151263,5.551300
1256.000000,0.019470,0.112651,0.251300,-0.060658,0.060658,5.259100
1257.000000,0.012033,0.085619,0.128425,-0.034244,0.042812,2.775600
1258.000000,0.015048,0.000000,0.169778,-0.076402,0.101866,4.236500
1259.000000,0.012911,0.000000,0.058236,-0.099832,-0.041596,2.775600
1260.000000,0.010342,-0.075505,0.025164,-0.117449,-0.075505,2.483400
1261.000000,0.022103,-0.025556,0.315163,-0.068144,0.110731,6.573900
1262.000000,0.019188,-0.008334,0.149997,-0.108332,-0.025002,4.528600
1263.000000,0.025853,-0.008370,0.025128,-0.502509,-0.502509,9.203400
1264.000000,0.029385,-0.074489,0.148977,-0.260707,0.055865,6.427800
1265.000000,0.012873,-0.009209,0.073666,-0.138122,-0.009209,3.360000
1266.000000,0.038683,-0.027672,0.498159,-0.055350,0.498159,8.765200
1267.000000,0.043209,-0.033560,0.335568,-0.033560,0.218119,6.427800
1268.000000,0.020348,-0.024118,0.072349,-0.112540,-0.056270,3.360000
1269.000000,0.016040,0.040649,0.089428,-0.040649,0.008131,2.337300
1270.000000,0.012973,0.000000,0.016230,-0.162337,-0.097406,3.213800
1271.000000,0.014008,0.066226,0.066226,-0.099336,-0.033110,2.921700
1272.000000,0.015993,0.000000,0.083336,-0.099998,0.066667,3.213900
1273.000000,0.039032,-0.082239,0.452301,-0.082239,0.254936,9.495600
1274.000000,0.027863,-0.023476,0.015646,-0.258219,-0.234743,5.113000
1275.000000,0.017626,0.016416,0.188835,-0.024633,-0.008211,3.798300
1276.000000,0.025704,0.016449,0.345394,-0.057566,0.263155,7.158200
1277.000000,0.043249,0.070314,0.468752,0.007813,0.156254,8.765200
1278.000000,0.026369,0.075754,0.075754,-0.265156,-0.181820,6.573900
1279.000000,0.022472,0.070756,0.086476,-0.196544,-0.070756,5.259100
1280.000000,0.024667,-0.031896,0.007975,-0.358848,-0.279106,6.719900
1281.000000,0.022293,-0.050675,0.354729,-0.084456,0.143583,7.596400
1282.000000,0.015786,0.032838,0.205252,-0.024633,0.090309,4.090400
1283.000000,0.010675,0.040321,0.048386,-0.080642,-0.024190,2.337300
1284.000000,0.009835,0.008099,0.153969,-0.089144,-0.064830,4.382600
1285.000000,0.007101,-0.024633,0.032838,-0.073893,-0.024633,1.899100
1286.000000,0.008035,-0.049504,0.057756,-0.049504,-0.041252,1.899100
1287.000000,0.025858,-0.024961,0.291181,-0.049916,0.266220,5.989500
1288.000000,0.021418,-0.055292,0.134283,-0.229068,-0.015794,6.720000
1289.000000,0.016557,0.039618,0.134703,-0.134709,-0.095091,4.966900
1290.000000,0.037280,0.027619,0.500231,0.011318,0.500231,9.046900
1291.000000,0.028883,0.000000,0.111109,-0.251855,-0.111114,7.221100
1292.000000,0.022691,-0.015150,0.151516,-0.143939,0.068186,5.747400
1293.000000,0.020015,-0.052318,0.052313,-0.216741,-0.194320,5.305200
1294.000000,0.014348,0.000000,0.085533,-0.108866,-0.062211,3.684200
1295.000000,0.014290,0.000000,0.055119,-0.086611,-0.055119,2.652600
1296.000000,0.011440,0.000000,0.111467,-0.055733,0.031848,3.094800
1297.000000,0.025654,-0.055381,0.015821,-0.379746,-0.268985,7.368400
1298.000000,0.011643,-0.016726,0.117053,-0.058529,0.100333,3.094700
1299.000000,0.014088,0.032788,0.270493,-0.073769,0.024590,6.189500
1300.000000,0.012249,0.000000,0.048939,-0.146817,-0.130505,3.536800
1301.000000,0.013222,0.016748,0.050250,-0.142380,-0.092130,3.389500
1302.000000,0.008616,0.068262,0.179184,-0.042660,0.093859,3.831600
1303.000000,0.031973,0.092130,0.485762,0.000000,0.309880,8.547400
1304.000000,0.017965,0.007888,0.126183,-0.063089,0.047323,3.536800
1305.000000,0.018582,0.125000,0.195311,0.000000,0.039060,3.684200
1306.000000,0.014700,0.038757,0.085273,-0.085273,0.015502,3.242200
1307.000000,0.018889,-0.015454,0.054097,-0.200928,-0.177739,4.863200
1308.000000,0.031487,0.008009,0.408653,-0.192310,0.304486,11.052700
1309.000000,0.016938,-0.052871,0.090633,-0.120846,-0.022658,4.126300
1310.000000,0.019402,0.007584,0.159330,-0.060700,0.113807,4.273700
1311.000000,0.046069,0.000000,0.497032,-0.066765,0.452522,11.200000
1312.000000,0.031656,-0.013604,0.136055,-0.102039,0.095240,5.157900
1313.000000,0.018543,-0.106809,0.020026,-0.173565,-0.066756,4.273700
1314.000000,0.019725,0.000000,0.074427,-0.060892,0.060892,2.947400
1315.000000,0.025511,0.040106,0.267382,-0.066845,0.227275,7.368500
1316.000000,0.049933,0.179027,0.460355,0.057544,0.230175,10.610500
1317.000000,0.032667,-0.055011,-0.024447,-0.385084,-0.323959,9.284200
1318.000000,0.031861,-0.032682,0.078430,-0.320262,-0.287584,8.989500
1319.000000,0.022838,-0.020804,0.104025,-0.173369,0.027740,5.894800
1320.000000,0.017900,0.048277,0.234485,0.020689,0.055175,5.010600
1321.000000,0.020416,0.040927,0.204635,0.000000,0.068213,4.421000
1322.000000,0.026962,-0.087483,0.309552,-0.174967,0.228800,10.610500
1323.000000,0.039273,0.032177,0.469754,-0.032173,0.180179,11.494700
1324.000000,0.022878,-0.037267,0.086958,-0.099379,-0.012421,4.421100
1325.000000,0.030191,-0.018680,0.043587,-0.404733,-0.317558,10.610600
1326.000000,0.017390,0.000000,0.026597,-0.132980,-0.046543,3.536900
1327.000000,0.022993,-0.067115,-0.067115,-0.288592,-0.194631,6.336900
1328.000000,0.016756,0.000000,0.342180,0.000000,0.139666,7.221100
1329.000000,0.011564,-0.047555,0.101901,-0.108695,-0.027175,4.568400
1330.000000,0.014697,-0.013659,0.054647,-0.129781,-0.034151,3.979000
1331.000000,0.021508,0.034386,0.254468,-0.006879,0.089409,5.600000
1332.000000,0.020568,-0.054056,0.087838,-0.135136,-0.074326,4.863200
1333.000000,0.016926,-0.027436,0.178327,-0.096024,0.006860,5.894800
1334.000000,0.016231,-0.013702,0.109589,-0.150684,0.054792,5.600000
1335.000000,0.018025,-0.054198,0.203253,-0.101624,0.101629,6.631600
1336.000000,0.018070,-0.019920,0.099600,-0.205846,-0.126166,6.779000
1337.000000,0.025278,0.108996,0.136241,-0.326975,-0.163485,10.021100
1338.000000,0.023674,-0.007044,0.281692,-0.028170,0.246478,6.484300
1339.000000,0.022882,0.026847,0.120803,-0.100670,0.033560,4.863100
1340.000000,0.034841,-0.040004,0.386666,-0.113335,0.266664,11.052700
1341.000000,0.023827,-0.031644,0.006330,-0.284810,-0.151896,6.779000
1342.000000,0.017634,-0.058750,-0.013058,-0.287209,-0.261098,6.484300
1343.000000,0.009325,-0.006889,0.082643,-0.041322,0.041322,2.652600
1344.000000,0.013978,-0.006832,0.211747,-0.020491,0.027324,5.010500
1345.000000,0.010736,0.040760,0.115490,-0.088315,0.088315,4.421100
1346.000000,0.043237,0.000000,0.373829,-0.046730,0.280374,9.284200
1347.000000,0.054318,-0.132746,-0.132746,-0.499370,-0.499370,11.642200
1348.000000,0.053300,-0.140450,-0.140450,-0.498596,-0.442414,10.463200
1349.000000,0.043286,-0.038524,-0.007706,-0.354393,-0.208014,6.779000
1350.000000,0.026367,-0.072346,0.128617,-0.096462,0.016081,4.126300
1351.000000,0.036009,-0.072120,-0.008015,-0.400644,-0.368591,7.368500
1352.000000,0.040016,-0.008652,-0.008652,-0.380627,-0.337371,6.484300
1353.000000,0.031968,0.009278,0.037107,-0.194808,-0.194808,3.684300
1354.000000,0.041062,0.009655,0.009655,-0.279923,-0.222002,4.421100
1355.000000,0.067566,-0.020206,0.030303,-0.494950,-0.484854,7.663200
1356.000000,0.054352,-0.100670,-0.055925,-0.480980,-0.335565,6.336800
1357.000000,0.032508,-0.035971,-0.023986,-0.431656,-0.167868,5.305300
1358.000000,0.037903,0.186101,0.248141,0.000000,0.000000,2.947400
1359.000000,0.027587,-0.062031,0.037220,-0.198511,-0.186101,2.800000
1360.000000,0.028264,0.064429,0.103088,-0.206185,-0.064438,3.536800
1361.000000,0.021208,0.065279,0.117492,-0.052213,0.078328,1.915700
1362.000000,0.021299,-0.025704,0.025712,-0.192799,-0.192799,2.505300
1363.000000,0.021942,0.066850,0.334222,0.053478,0.147063,3.684200
1364.000000,0.031954,0.038960,0.337663,0.000000,0.246752,3.831600
1365.000000,0.017708,0.000000,0.099005,-0.086635,-0.074256,2.210500
1366.000000,0.019635,0.012557,0.125629,-0.075384,0.025122,2.358000
1367.000000,0.011417,0.012503,0.062496,-0.100004,-0.037499,1.915800
1368.000000,0.011693,0.037783,0.037783,-0.125945,-0.075566,1.915800
1369.000000,0.015754,0.038363,0.089516,-0.063943,-0.051153,1.768500
1370.000000,0.014144,0.038759,0.038759,-0.077518,0.012923,1.326300
1371.000000,0.011660,0.000000,0.077318,-0.051548,0.000000,1.473700
1372.000000,0.010720,0.000000,0.000000,-0.115977,-0.090208,1.326300
1373.000000,0.008430,0.013126,0.078739,0.000000,0.013126,0.884200
1374.000000,0.052463,0.026175,0.497380,0.000000,0.327223,5.600000
1375.000000,0.033692,-0.147418,-0.098284,-0.233414,-0.208847,2.800000
1376.000000,0.021369,-0.025638,-0.025638,-0.179490,-0.141021,2.063200
1377.000000,0.015605,-0.013195,0.000000,-0.184699,-0.158318,2.063200
1378.000000,0.014324,-0.013618,0.000000,-0.231601,-0.190730,2.505200
1379.000000,0.022382,-0.014167,0.382430,-0.014167,0.311613,4.126300
1380.000000,0.013054,-0.026672,0.133334,-0.053335,0.026663,2.063200
1381.000000,0.012865,0.039787,0.079574,-0.198936,-0.185679,3.094700
1382.000000,0.007638,0.000000,0.096420,-0.027545,0.082653,1.326300
1383.000000,0.009764,0.000000,0.000000,-0.108405,-0.067756,1.179000
1384.000000,0.008622,-0.013739,0.013739,-0.096155,-0.068677,1.179000
1385.000000,0.006905,-0.013930,0.013921,-0.097495,-0.027861,1.178900
1386.000000,0.005696,0.028017,0.042016,-0.028008,0.000000,0.736800
1387.000000,0.012703,0.000000,0.126058,-0.070024,0.112049,2.063200
1388.000000,0.032210,0.013702,0.301368,-0.013702,0.287667,3.389500
1389.000000,0.022324,-0.064763,-0.025903,-0.246113,-0.194298,2.800000
1390.000000,0.012459,-0.026951,0.026951,-0.094341,0.013480,1.326300
1391.000000,0.010405,0.000000,0.013435,-0.094088,-0.080644,1.178900
1392.000000,0.008179,0.027319,0.054638,-0.013664,0.013655,0.736800
1393.000000,0.008808,-0.027244,0.000000,-0.081743,-0.081743,0.884200
1394.000000,0.012315,-0.013853,0.110808,-0.041551,0.069257,1.621100
1395.000000,0.007544,0.000000,0.013655,-0.068311,-0.054647,0.884200
1396.000000,0.007750,-0.013815,0.069057,-0.027630,0.013806,1.031600
1397.000000,0.014250,0.013777,0.192841,0.000000,0.082653,2.063200
1398.000000,0.032818,0.081299,0.352304,0.081299,0.162599,3.831600
1399.000000,0.016141,-0.052496,-0.026243,-0.144361,-0.131234,1.621100
1400.000000,0.009804,-0.094341,-0.053911,-0.148252,-0.094341,1.621100
1401.000000,0.008056,-0.041208,0.027478,-0.041208,0.000000,0.736900
1402.000000,0.008373,-0.013739,0.041208,-0.027469,0.041208,0.736800
1403.000000,0.007651,-0.027244,0.000000,-0.054498,-0.040871,0.589500
1404.000000,0.008457,0.000000,0.027478,-0.027469,0.027478,0.589500
1405.000000,0.014916,-0.013664,0.122949,-0.013664,0.013655,1.473700
1406.000000,0.021922,0.081743,0.204366,0.027254,0.095369,2.210600
1407.000000,0.013571,-0.013372,0.013372,-0.093584,-0.066841,1.179000
1408.000000,0.023272,-0.013553,0.189696,-0.027106,0.108396,2.357900
1409.000000,0.032830,-0.039787,0.198936,-0.066309,0.092840,2.947300
1410.000000,0.031291,0.026038,0.234371,0.013024,0.104162,2.652600
1411.000000,0.074819,-0.038265,0.497450,-0.089279,0.395414,6.778900
1412.000000,0.050995,-0.035460,-0.023646,-0.236408,-0.224585,2.947400
1413.000000,0.026374,-0.037128,0.037128,-0.099014,-0.074256,1.621100
1414.000000,0.022943,-0.012565,0.113063,-0.062819,0.037688,2.063200
1415.000000,0.028725,-0.024943,0.162095,-0.062349,0.087283,2.652700
1416.000000,0.049397,-0.024515,0.465684,-0.049022,0.269606,6.189500
1417.000000,0.038191,0.011622,0.081397,-0.174424,-0.151163,3.242200
1418.000000,0.021989,0.000000,0.059948,-0.107912,-0.083934,2.063100
1419.000000,0.020595,-0.012198,0.000000,-0.158537,-0.146339,1.915800
1420.000000,0.011930,0.012557,0.113063,0.012557,0.050245,1.326300
1421.000000,0.011172,-0.024872,0.000000,-0.111939,-0.049745,1.326300
1422.000000,0.009858,-0.025131,0.012557,-0.062819,-0.037688,0.884200
1423.000000,0.015791,-0.012661,0.063287,-0.063296,-0.050635,1.473700
1424.000000,0.011931,-0.012790,0.038363,-0.038363,0.012782,0.884200
1425.000000,0.015503,0.000000,0.089287,-0.063772,0.089287,1.768400
1426.000000,0.017757,-0.012525,0.112789,-0.037593,-0.012525,1.768500
1427.000000,0.014386,-0.012565,0.100498,-0.037688,0.037688,1.621000
1428.000000,0.025610,-0.012471,0.137152,-0.024943,0.074812,1.915800
1429.000000,0.019716,0.000000,0.061421,-0.147418,-0.061430,2.505200
1430.000000,0.026964,-0.024872,0.174132,-0.037313,0.062194,2.505300
1431.000000,0.018143,0.000000,0.000000,-0.122851,-0.085996,1.473700
1432.000000,0.030292,0.000000,0.250002,-0.012503,0.087501,3.094800
1433.000000,0.019292,0.000000,0.000000,-0.098284,-0.073709,1.179000
1434.000000,0.023142,0.000000,0.049869,-0.174566,-0.137161,2.652600
1435.000000,0.013885,0.000000,0.038461,-0.076922,-0.025638,1.326300
1436.000000,0.009179,0.000000,0.064429,-0.025779,0.025770,1.031600
1437.000000,0.012815,0.000000,0.089745,-0.064099,-0.051284,1.768400
1438.000000,0.015494,0.000000,0.000000,-0.207254,-0.194298,2.357900
1439.000000,0.009506,0.000000,0.080861,-0.067381,0.053911,1.621000
1440.000000,0.012980,-0.026672,0.000000,-0.213333,-0.213333,2.357900
1441.000000,0.006430,0.000000,0.055703,-0.027861,0.013921,0.884200
1442.000000,0.009537,-0.027774,0.000000,-0.138881,-0.138881,1.473600
1443.000000,0.009232,0.000000,0.099992,-0.071434,0.042856,1.768400
1444.000000,0.017550,-0.141644,-0.113319,-0.325780,-0.254963,3.389500
1445.000000,0.015947,0.014929,0.283581,0.000000,0.283581,2.800000
1446.000000,0.016663,0.028255,0.211871,-0.014118,0.155371,2.357900
1447.000000,0.007992,0.013702,0.013702,-0.123286,-0.027403,1.473700
1448.000000,0.009337,0.027554,0.123974,-0.082643,-0.068866,2.210600
1449.000000,0.008506,-0.027929,0.013969,-0.111727,-0.111727,1.326300
1450.000000,0.008398,0.028568,0.028568,-0.114290,-0.057145,1.473700
1451.000000,0.005075,0.000000,0.086704,0.000000,0.043352,0.884200
1452.000000,0.006743,-0.028659,0.014330,-0.100288,-0.085958,1.179000
1453.000000,0.008374,-0.014580,0.116613,-0.043731,0.116613,1.621000
1454.000000,0.015822,-0.028486,0.256416,-0.071221,0.213682,3.389500
1455.000000,0.010724,-0.013664,0.040983,-0.150277,-0.122958,2.063200
1456.000000,0.008779,0.014009,0.056025,-0.042016,0.000000,1.031600
1457.000000,0.014869,-0.028008,-0.013999,-0.252097,-0.210081,2.652600
1458.000000,0.006423,0.000000,0.087718,0.000000,0.029236,0.884200
1459.000000,0.007912,0.014538,0.029076,-0.101736,-0.043604,1.326300
1460.000000,0.006348,0.029332,0.043988,-0.029322,0.014666,0.736800
1461.000000,0.007725,-0.014623,0.102341,-0.043859,0.058482,1.473700
1462.000000,0.006383,0.000000,0.072250,-0.014454,0.028898,0.884200
1463.000000,0.005631,0.000000,0.014371,-0.100576,-0.071835,1.179000
