0.000000,0.073513,-0.501079,-0.172409,-0.501079,-0.269406,1.908300
1.000000,0.064921,-0.216392,0.501141,-0.256246,0.341698,2.729000
2.000000,0.000000,0.000000,0.000000,0.000000,0.000000,0.000000
3.000000,0.000000,0.000000,0.000000,0.000000,0.000000,0.000000
4.000000,0.000000,0.000000,0.000000,0.000000,0.000000,0.000000
5.000000,0.000000,0.000000,0.000000,0.000000,0.000000,0.000000
6.000000,0.000000,0.000000,0.000000,0.000000,0.000000,0.000000
7.000000,0.000000,0.000000,0.000000,0.000000,0.000000,0.000000
8.000000,0.035115,-0.495737,-0.207875,-0.495737,-0.362470,1.908300
9.000000,0.031048,-0.028737,0.201156,-0.028737,0.109205,0.820800
10.000000,0.028133,0.005619,0.005619,-0.275605,-0.151877,1.026000
11.000000,0.022552,-0.005795,0.017413,-0.278415,-0.243617,1.046500
12.000000,0.020885,-0.030489,0.158536,-0.030489,0.121956,0.636100
13.000000,0.033343,0.023816,0.279760,-0.041657,0.244050,1.108000
14.000000,0.040063,0.062426,0.306458,0.000000,0.295118,1.108000
15.000000,0.029704,-0.064300,-0.042858,-0.150043,-0.112539,0.574500
16.000000,0.041635,0.005477,0.498915,0.000000,0.498915,1.867300
17.000000,0.078213,0.114645,0.279142,-0.034911,-0.005005,1.292700
18.000000,0.050539,0.000000,0.214588,-0.174633,0.099804,1.600500
19.000000,0.036500,0.014687,0.053813,-0.254403,-0.171239,1.292700
20.000000,0.022931,-0.010122,0.050660,-0.283669,-0.192495,1.354200
21.000000,0.019539,0.079033,0.216019,0.031608,0.194939,0.841300
22.000000,0.021730,0.040579,0.060869,-0.106490,-0.065910,0.677200
23.000000,0.017838,-0.015427,0.000000,-0.205557,-0.092511,0.820800
24.000000,0.029038,0.010487,0.277507,0.010487,0.214662,1.087600
25.000000,0.042412,0.005015,0.271099,-0.045187,0.170694,1.292800
26.000000,0.030652,-0.077668,-0.029122,-0.237877,-0.213604,1.005500
27.000000,0.017042,-0.076068,-0.055778,-0.182557,-0.081134,0.738700
28.000000,0.015027,0.041249,0.097947,0.000000,0.036099,0.389900
29.000000,0.012662,-0.035840,0.015339,-0.112608,-0.046066,0.513000
30.000000,0.020792,0.020667,0.123951,0.010321,0.056815,0.492400
31.000000,0.015076,0.045972,0.066382,-0.045972,0.051074,0.451400
32.000000,0.012092,0.010102,0.015153,-0.065735,-0.025279,0.328300
33.000000,0.013402,-0.055891,-0.055891,-0.162597,-0.162597,0.656600
34.000000,0.015876,0.015741,0.068264,-0.115565,-0.036781,0.718200
35.000000,0.023467,-0.015858,0.021170,-0.476182,-0.391528,1.928800
36.000000,0.016217,0.005735,0.091846,-0.120550,-0.091846,0.759200
37.000000,0.011605,-0.023398,0.058482,-0.087722,0.023398,0.513000
38.000000,0.007581,-0.052394,0.017446,-0.104788,0.005815,0.430900
39.000000,0.007539,0.000000,0.104638,0.000000,0.087212,0.369300
40.000000,0.008866,0.005709,0.028572,-0.068563,-0.057145,0.348800
41.000000,0.008105,-0.028903,0.017353,-0.132936,-0.040453,0.533500
42.000000,0.005782,-0.034989,-0.023316,-0.116554,-0.040811,0.410400
43.000000,0.009419,-0.005870,0.158631,-0.029378,0.141021,0.656600
44.000000,0.011695,-0.028572,0.080008,-0.034281,0.028572,0.410400
45.000000,0.009282,0.000000,0.068173,-0.051144,0.068173,0.430900
46.000000,0.013738,0.022428,0.022428,-0.263451,-0.252251,1.046500
47.000000,0.014036,-0.011795,-0.005898,-0.271522,-0.230210,0.943800
48.000000,0.007878,0.006182,0.074248,-0.074248,-0.030942,0.492400
49.000000,0.005779,-0.012442,0.062269,-0.018693,-0.012442,0.266800
50.000000,0.007378,-0.031212,0.000000,-0.243459,-0.031212,0.800300
51.000000,0.008330,0.000000,0.131908,-0.043990,0.056510,0.574600
52.000000,0.006727,0.018646,0.031057,-0.093171,0.006236,0.410400
53.000000,0.008475,0.000000,0.130271,-0.024821,0.037216,0.513000
54.000000,0.006558,-0.012334,-0.012334,-0.209372,-0.172431,0.697700
55.000000,0.007031,-0.031889,0.063778,-0.089264,-0.044632,0.492400
56.000000,0.005081,-0.002603,0.055822,-0.073980,0.036347,0.413900
57.000000,0.005549,0.000000,0.090196,0.000000,0.070862,0.289700
58.000000,0.013510,0.000000,0.177903,-0.044453,0.146129,0.724300
59.000000,0.011894,0.049394,0.179025,-0.080236,-0.067888,0.869200
60.000000,0.006989,-0.043815,0.018778,-0.131415,-0.012519,0.496700
61.000000,0.008201,-0.006275,0.138020,-0.094095,0.037650,0.765700
62.000000,0.005755,-0.018684,0.037339,-0.112076,-0.018684,0.496600
63.000000,0.015237,0.012503,0.299980,0.012503,0.224993,0.993300
64.000000,0.012067,0.053841,0.053841,-0.035894,0.000000,0.310500
65.000000,0.011277,0.000000,0.119617,-0.041876,0.065776,0.558800
66.000000,0.019873,0.017714,0.188919,-0.017685,0.153491,0.724300
67.000000,0.011056,-0.045802,0.040101,-0.045802,0.011457,0.310400
68.000000,0.010418,-0.028578,0.005716,-0.091423,-0.022863,0.351800
69.000000,0.012414,-0.028682,0.086128,-0.126294,0.040193,0.765800
70.000000,0.022526,-0.051265,0.170856,-0.108199,-0.068326,1.014100
71.000000,0.010241,0.000000,0.023072,-0.167448,0.011522,0.682900
72.000000,0.021827,-0.097922,0.247699,-0.126703,0.172825,1.345100
73.000000,0.016631,0.022277,0.144774,-0.027846,0.077943,0.641600
74.000000,0.017052,0.060321,0.104165,-0.038360,0.027419,0.538000
75.000000,0.014170,0.000000,0.043631,-0.081781,0.016362,0.476000
76.000000,0.012679,0.016308,0.065207,-0.070643,-0.005436,0.517300
77.000000,0.011704,-0.021768,0.076161,-0.059836,0.065278,0.517300
78.000000,0.028566,0.000000,0.230938,-0.037577,0.064462,1.034700
79.000000,0.019527,0.047706,0.063616,-0.180293,-0.031821,0.952000
80.000000,0.016335,-0.037362,0.096048,-0.080036,0.053374,0.682900
81.000000,0.019912,-0.026405,0.147819,-0.031686,0.068628,0.703600
82.000000,0.018289,0.125004,0.130214,0.000000,0.041677,0.517400
83.000000,0.012659,0.005167,0.118780,0.000000,0.067140,0.475900
84.000000,0.026340,-0.010196,0.224265,-0.030588,0.168186,1.034800
85.000000,0.021716,-0.019705,0.088755,-0.059162,0.039457,0.620800
86.000000,0.044053,0.014681,0.347346,0.014681,0.107634,1.469300
87.000000,0.065973,0.052671,0.498086,0.009581,0.498086,2.152300
88.000000,0.055902,-0.126315,-0.034851,-0.274392,-0.226492,1.303800
89.000000,0.036354,-0.004563,-0.004563,-0.187044,-0.118597,0.848500
90.000000,0.026290,0.000000,0.079435,-0.084132,-0.074784,0.724400
91.000000,0.030119,0.170796,0.175541,-0.104366,0.018980,1.221100
92.000000,0.024254,0.000000,0.132334,-0.037793,0.089791,0.745000
93.000000,0.014626,-0.069632,-0.009287,-0.106781,-0.083563,0.476000
94.000000,0.013161,-0.004723,0.028335,-0.146354,-0.080261,0.765700
95.000000,0.016207,0.014399,0.187138,-0.019198,0.115167,0.889900
96.000000,0.016536,-0.014075,0.121935,-0.075042,0.112574,0.869100
97.000000,0.024473,0.045860,0.096331,-0.064235,0.032095,0.724400
98.000000,0.025487,-0.031891,0.013677,-0.145843,-0.063804,0.724300
99.000000,0.013987,-0.036943,-0.018472,-0.170818,-0.152346,0.765700
100.000000,0.009235,0.004763,0.100000,-0.052393,0.004763,0.662300
101.000000,0.010879,-0.028551,0.090388,-0.028551,0.076113,0.517400
102.000000,0.015708,0.000000,0.028100,-0.360842,-0.328032,1.717700
103.000000,0.010402,-0.040106,0.185552,-0.040106,0.110333,0.931200
104.000000,0.005157,0.049079,0.049079,-0.088319,-0.073595,0.579500
105.000000,0.008374,-0.009963,-0.009963,-0.219127,-0.159376,0.910600
106.000000,0.006416,0.030872,0.056598,-0.035992,0.005145,0.372500
107.000000,0.006986,0.010280,0.051400,-0.056515,0.030840,0.434600
108.000000,0.007289,0.015325,0.056168,-0.066385,0.005108,0.496600
109.000000,0.011911,0.005103,0.183668,-0.035723,0.117350,0.889900
110.000000,0.008940,-0.024931,0.049838,-0.114659,0.009972,0.682900
111.000000,0.006376,0.044763,0.044763,-0.014929,0.019905,0.248300
112.000000,0.006880,0.000000,0.009889,-0.064435,-0.059479,0.310400
113.000000,0.004293,-0.005016,0.025081,-0.055154,-0.055154,0.331100
114.000000,0.004376,0.010144,0.055770,-0.020289,0.020264,0.310400
115.000000,0.009688,-0.005027,0.131320,-0.010079,0.111113,0.579400
116.000000,0.015161,0.029651,0.098814,-0.004942,0.079070,0.434600
117.000000,0.012064,0.024301,0.072951,-0.038920,0.029166,0.476000
118.000000,0.007171,-0.004837,-0.004837,-0.067691,-0.058018,0.289700
119.000000,0.016819,0.029361,0.205481,0.024468,0.185907,0.869200
120.000000,0.017543,-0.037745,0.117930,-0.047158,0.037745,0.724300
121.000000,0.012333,0.009365,0.056170,-0.121729,-0.056193,0.786400
122.000000,0.022212,-0.061545,0.151528,-0.061545,0.137320,0.931300
123.000000,0.013030,-0.046094,-0.041484,-0.156674,-0.082947,0.703600
124.000000,0.008959,-0.023436,0.018749,-0.065620,-0.046871,0.372600
125.000000,0.009926,-0.028366,0.000000,-0.118264,-0.075681,0.517400
126.000000,0.010039,-0.038434,0.067236,-0.038434,0.028825,0.455300
127.000000,0.006471,0.014330,0.014330,-0.066873,-0.042990,0.351900
128.000000,0.007316,0.048181,0.081884,-0.009636,0.009636,0.393200
129.000000,0.007301,0.043279,0.043279,-0.100962,-0.081727,0.620900
130.000000,0.004712,-0.004889,0.073307,-0.004889,0.024444,0.331100
131.000000,0.008989,0.000000,0.034031,-0.145925,0.034031,0.765700
132.000000,0.008199,0.014496,0.043489,-0.048297,-0.009664,0.393200
133.000000,0.004840,0.000000,0.014524,-0.033867,0.000000,0.206900
134.000000,0.005974,0.000000,0.000000,-0.101647,-0.062915,0.434600
135.000000,0.009252,-0.122554,-0.049008,-0.191174,-0.161756,0.807100
136.000000,0.004885,0.005067,0.030378,-0.070939,-0.030402,0.413900
137.000000,0.005932,0.005098,0.030588,-0.030588,0.005098,0.248400
138.000000,0.016502,-0.035650,0.269847,-0.035650,0.239315,1.241700
139.000000,0.013156,-0.019441,0.106902,-0.043742,0.068020,0.641600
140.000000,0.026362,-0.014385,0.143804,-0.023975,0.134237,0.724300
141.000000,0.012462,0.027995,0.027995,-0.093370,-0.032687,0.538000
142.000000,0.008890,0.000000,0.023502,-0.103385,-0.042303,0.558800
143.000000,0.010564,-0.014221,0.042664,-0.137428,-0.132687,0.786400
144.000000,0.009602,-0.009739,0.053543,-0.136328,-0.034088,0.807100
145.000000,0.005276,0.000000,0.044128,-0.088233,0.019612,0.558800
146.000000,0.006456,-0.019536,0.039048,-0.058608,-0.043956,0.413900
147.000000,0.007616,0.000000,0.093595,-0.009855,0.019709,0.434600
148.000000,0.014179,0.014724,0.235533,0.009816,0.152122,0.993400
149.000000,0.026203,-0.009526,0.238082,-0.028578,0.176186,1.158900
150.000000,0.030223,0.013803,0.087395,-0.055211,0.059789,0.641600
151.000000,0.015664,0.000000,0.009093,-0.113641,-0.068176,0.558800
152.000000,0.013377,-0.046094,0.046072,-0.133650,-0.032266,0.807100
153.000000,0.020354,0.009279,0.106682,-0.092764,-0.055649,0.889900
154.000000,0.014751,0.000000,0.145392,-0.042224,0.136009,0.827800
155.000000,0.011241,-0.022814,0.004567,-0.118706,-0.082189,0.558700
156.000000,0.014296,-0.009287,-0.009287,-0.125333,-0.078919,0.558700
157.000000,0.010210,-0.023590,0.047181,-0.094339,-0.004718,0.620900
158.000000,0.015682,0.037780,0.122764,0.014168,0.056671,0.538100
159.000000,0.010868,0.004647,0.023326,-0.056036,-0.018679,0.351800
160.000000,0.008871,-0.009374,0.023413,-0.074972,-0.051559,0.434500
161.000000,0.007166,0.009472,0.033152,-0.037865,0.028416,0.310400
162.000000,0.007401,-0.032964,0.004709,-0.094161,-0.084743,0.434600
163.000000,0.007891,-0.009581,0.052671,-0.014371,0.009581,0.289700
164.000000,0.010791,-0.004781,0.043008,-0.023906,0.043008,0.289700
165.000000,0.015535,-0.018939,0.066367,-0.080565,0.042664,0.641600
166.000000,0.032165,-0.023502,0.150366,-0.056404,0.122187,0.910600
167.000000,0.020145,-0.027529,0.018331,-0.087154,-0.050471,0.475900
168.000000,0.015475,0.013905,0.027810,-0.129736,-0.106583,0.703600
169.000000,0.013159,0.018944,0.066304,-0.028393,0.009472,0.413900
170.000000,0.019296,0.009454,0.042543,-0.094518,-0.023635,0.600200
171.000000,0.015087,0.033246,0.061743,-0.004749,0.056994,0.289800
172.000000,0.026720,0.014088,0.070416,-0.051655,-0.032872,0.538100
173.000000,0.023643,-0.033066,0.004727,-0.132311,-0.089791,0.600100
174.000000,0.014514,-0.009627,0.091433,-0.014440,0.081806,0.455300
175.000000,0.011041,0.014208,0.075753,-0.042601,0.000000,0.517300
176.000000,0.038788,-0.028393,0.307770,-0.047337,0.184657,1.552100
177.000000,0.045388,0.022836,0.155266,-0.009135,0.022836,0.745100
178.000000,0.050451,0.022733,0.363635,0.013640,0.313645,1.655600
179.000000,0.030969,-0.029947,0.051317,-0.098377,-0.034225,0.724300
180.000000,0.023016,0.060286,0.060286,-0.142111,-0.116286,0.972600
181.000000,0.026320,-0.030850,0.176366,-0.114623,0.070564,1.365800
182.000000,0.064249,-0.047837,0.426082,-0.095654,0.365219,2.483400
183.000000,0.028006,-0.064845,-0.008106,-0.133723,-0.109406,0.683000
184.000000,0.021773,-0.008287,0.057989,-0.136715,-0.128428,0.972700
185.000000,0.022555,0.004253,0.042527,-0.216827,-0.136046,1.262400
186.000000,0.020532,-0.017487,0.061182,-0.096155,0.000000,0.745000
187.000000,0.016224,0.004372,0.048067,-0.122385,-0.109270,0.807100
188.000000,0.012713,-0.062549,0.125120,-0.125098,0.035755,1.158900
189.000000,0.008506,0.044355,0.048792,-0.084293,-0.013313,0.620800
190.000000,0.020621,-0.017798,0.204632,-0.057821,0.160137,1.221000
191.000000,0.015545,0.000000,0.060338,-0.043093,0.034491,0.496600
192.000000,0.011806,-0.034255,0.008564,-0.107025,-0.081334,0.558800
193.000000,0.029048,0.000000,0.000000,-0.474332,-0.443864,2.255800
194.000000,0.009975,-0.033437,0.071627,-0.081180,0.042967,0.662200
195.000000,0.012817,-0.014208,0.009472,-0.175185,-0.104169,0.807100
196.000000,0.010670,-0.004837,0.154752,-0.058018,0.062878,0.910600
197.000000,0.009667,-0.023883,0.148031,-0.033437,0.057297,0.786400
198.000000,0.007360,0.000000,0.051948,-0.061370,-0.042480,0.496700
199.000000,0.007581,0.000000,0.047607,-0.066682,-0.023815,0.496700
200.000000,0.017387,0.000000,0.047835,-0.133980,-0.081336,0.786400
201.000000,0.010310,0.004865,0.019436,-0.087546,-0.048650,0.455200
202.000000,0.007887,-0.014738,0.019651,-0.073668,-0.063842,0.393200
203.000000,0.007529,-0.004976,0.074620,-0.034834,0.069644,0.455300
204.000000,0.005979,0.000000,0.034356,-0.014724,0.000000,0.207000
205.000000,0.005656,-0.014724,0.024540,-0.068687,-0.029448,0.393200
206.000000,0.004642,0.004937,0.019748,-0.059220,-0.024661,0.331100
207.000000,0.006983,0.000000,0.019822,-0.049615,-0.039692,0.289700
208.000000,0.007829,0.040009,0.074994,0.010002,0.045011,0.310400
209.000000,0.010548,0.004957,0.089194,-0.019826,0.074325,0.455300
210.000000,0.011832,0.004884,0.009768,-0.102540,-0.024420,0.476000
211.000000,0.011467,-0.004908,0.063779,-0.053964,0.014724,0.496600
212.000000,0.010303,-0.029361,0.048912,-0.058699,0.048912,0.455200
213.000000,0.017321,-0.014515,0.053307,-0.125952,-0.106568,0.765700
214.000000,0.014131,0.000000,0.009879,-0.148526,-0.148526,0.662200
215.000000,0.011639,-0.010206,0.025516,-0.153073,-0.117350,0.724400
216.000000,0.009445,0.005226,0.020904,-0.240341,-0.203760,1.034800
217.000000,0.012668,0.016344,0.152515,-0.196072,-0.027240,1.324500
218.000000,0.005402,-0.016433,0.076689,-0.038318,0.065733,0.434600
219.000000,0.007216,0.000000,0.054041,-0.081100,-0.059473,0.517400
220.000000,0.003500,0.010944,0.021887,-0.049219,-0.005472,0.269000
221.000000,0.006413,0.027389,0.087618,-0.016433,0.071211,0.393200
222.000000,0.004889,-0.005401,0.043181,-0.005401,0.005401,0.186200
223.000000,0.004106,0.016159,0.032344,-0.048555,0.000000,0.310400
224.000000,0.004390,0.005395,0.043134,-0.032370,0.016159,0.289700
225.000000,0.004517,0.000000,0.053776,0.000000,0.043021,0.207000
226.000000,0.003969,-0.005332,0.015995,-0.063955,-0.005332,0.310400
227.000000,0.004619,0.000000,0.058712,-0.026687,0.053374,0.331200
228.000000,0.005811,0.000000,0.026380,-0.026405,0.015818,0.206900
229.000000,0.011897,0.005264,0.131585,-0.052619,0.089495,0.724300
230.000000,0.007055,-0.010344,0.067209,-0.036203,0.000000,0.413900
231.000000,0.008829,0.005172,0.005172,-0.077578,-0.062062,0.331200
232.000000,0.005837,-0.005237,0.047132,-0.015711,0.031421,0.248400
233.000000,0.006718,-0.005204,0.036429,-0.026021,0.036429,0.248400
234.000000,0.017810,0.025808,0.123946,-0.046499,0.072306,0.682900
235.000000,0.012987,0.005093,0.091647,-0.056021,0.020371,0.600200
236.000000,0.008315,0.010144,0.015217,-0.106491,-0.081155,0.496700
237.000000,0.007790,-0.010287,0.077338,-0.036066,0.041247,0.455300
238.000000,0.009389,0.015341,0.030682,-0.040909,-0.020455,0.289800
239.000000,0.013144,-0.005135,0.107804,-0.035918,0.061616,0.579400
240.000000,0.008276,-0.020289,-0.005072,-0.091275,-0.055794,0.372500
241.000000,0.008296,0.000000,0.066683,-0.025647,0.041035,0.372600
242.000000,0.009182,-0.015263,0.066115,-0.040701,-0.010175,0.434600
243.000000,0.025021,-0.045882,0.275221,-0.045882,0.152892,1.303800
244.000000,0.016716,-0.004923,0.044521,-0.098912,-0.084071,0.600200
245.000000,0.009953,-0.050289,-0.010063,-0.095572,-0.085509,0.393200
246.000000,0.007660,-0.010238,0.000000,-0.097235,-0.025595,0.393200
247.000000,0.006181,-0.035992,0.066888,-0.035992,0.025726,0.413900
248.000000,0.005123,0.000000,0.015357,-0.030714,-0.015357,0.186300
249.000000,0.006058,0.005135,0.005135,-0.056457,-0.030783,0.248300
250.000000,0.012499,-0.015500,0.000000,-0.170470,-0.144637,0.683000
251.000000,0.006425,-0.015961,0.069140,-0.053204,0.015961,0.476000
252.000000,0.005793,-0.015910,0.026517,-0.121954,0.021214,0.579500
253.000000,0.005867,-0.010562,0.042223,-0.052811,0.021099,0.372500
254.000000,0.003485,0.000000,0.000000,-0.063081,-0.042046,0.248300
255.000000,0.005213,-0.005303,0.042402,-0.005303,0.021214,0.186200
256.000000,0.004713,-0.005281,0.015818,-0.042249,-0.036967,0.227600
257.000000,0.003571,0.000000,0.010641,-0.026602,0.000000,0.144900
258.000000,0.004736,-0.021282,0.015961,-0.037243,-0.021282,0.207000
259.000000,0.004545,0.000000,0.000000,-0.064092,-0.032059,0.248300
260.000000,0.006242,-0.021485,0.016133,-0.086016,-0.059128,0.393200
261.000000,0.003944,0.016326,0.070719,-0.005442,0.065278,0.289700
262.000000,0.009584,0.016116,0.118155,0.010744,0.075206,0.455300
263.000000,0.007591,-0.005292,0.005292,-0.116404,-0.100527,0.476000
264.000000,0.011550,0.026978,0.124167,-0.043207,0.070185,0.641500
265.000000,0.012670,-0.015978,0.074539,-0.085191,-0.079865,0.620800
266.000000,0.007976,0.027036,0.129875,-0.016238,0.021650,0.558800
267.000000,0.008924,-0.037724,0.113121,-0.043114,0.064644,0.600100
268.000000,0.026131,-0.021282,0.202124,-0.021282,0.170202,0.869200
269.000000,0.011838,-0.035992,-0.030847,-0.108026,-0.066864,0.434600
270.000000,0.012333,-0.020860,-0.015645,-0.166830,-0.140780,0.662200
271.000000,0.009812,-0.026805,0.053661,-0.059001,0.048295,0.434600
272.000000,0.009708,-0.015944,0.053122,-0.063777,0.005315,0.455300
273.000000,0.006809,-0.037164,-0.026546,-0.090229,-0.053091,0.351800
274.000000,0.007453,-0.032171,0.005366,-0.101930,-0.069733,0.413900
275.000000,0.007338,0.005442,0.027210,-0.103371,-0.081603,0.496700
276.000000,0.005285,-0.038726,0.116151,-0.038726,0.105086,0.579500
277.000000,0.000000,0.000000,0.000000,0.000000,0.000000,0.000000
278.000000,0.000000,0.000000,0.000000,0.000000,0.000000,0.000000
279.000000,0.000000,0.000000,0.000000,0.000000,0.000000,0.000000
280.000000,0.000000,0.000000,0.000000,0.000000,0.000000,0.000000
281.000000,0.000000,0.000000,0.000000,0.000000,0.000000,0.000000
282.000000,0.000000,0.000000,0.000000,0.000000,0.000000,0.000000
283.000000,0.000000,0.000000,0.000000,0.000000,0.000000,0.000000
284.000000,0.000000,0.000000,0.000000,0.000000,0.000000,0.000000
285.000000,0.000000,0.000000,0.000000,0.000000,0.000000,0.000000
286.000000,0.000000,0.000000,0.000000,0.000000,0.000000,0.000000
287.000000,0.000000,0.000000,0.000000,0.000000,0.000000,0.000000
288.000000,0.000000,0.000000,0.000000,0.000000,0.000000,0.000000
289.000000,0.000000,0.000000,0.000000,0.000000,0.000000,0.000000
290.000000,0.000000,0.000000,0.000000,0.000000,0.000000,0.000000
291.000000,0.000000,0.000000,0.000000,0.000000,0.000000,0.000000
292.000000,0.000000,0.000000,0.000000,0.000000,0.000000,0.000000
293.000000,0.000000,0.000000,0.000000,0.000000,0.000000,0.000000
294.000000,0.000000,0.000000,0.000000,0.000000,0.000000,0.000000
295.000000,0.000000,0.000000,0.000000,0.000000,0.000000,0.000000
296.000000,0.000000,0.000000,0.000000,0.000000,0.000000,0.000000
297.000000,0.010768,-0.157107,-0.037929,-0.449622,-0.130015,1.717700
298.000000,0.017608,-0.016689,-0.016689,-0.383770,-0.183527,1.428000
299.000000,0.009433,-0.075075,-0.023100,-0.265595,-0.057750,0.952000
300.000000,0.005859,-0.023370,-0.023370,-0.169404,-0.052583,0.600200
301.000000,0.009449,-0.059017,0.005905,-0.171176,-0.005876,0.620800
302.000000,0.007407,-0.017735,0.011795,-0.112319,-0.005912,0.434600
303.000000,0.006298,0.000000,0.023646,-0.065104,0.005919,0.310400
304.000000,0.008158,0.029529,0.076822,-0.035469,0.023618,0.393200
305.000000,0.007433,-0.017651,-0.017651,-0.123530,-0.035274,0.434600
306.000000,0.005620,-0.011851,0.005926,-0.088883,-0.005926,0.331200
307.000000,0.005694,-0.035596,0.047432,-0.041528,0.011865,0.310400
308.000000,0.004535,0.005919,0.035483,-0.035511,0.017727,0.248300
309.000000,0.011461,-0.011767,0.064874,-0.023562,0.053079,0.310400
310.000000,0.005568,-0.029178,0.000000,-0.040850,-0.017507,0.144900
311.000000,0.004446,0.040993,0.040993,-0.023425,0.005856,0.227700
312.000000,0.004623,-0.005849,-0.005849,-0.111109,-0.076013,0.393200
313.000000,0.003854,-0.071276,0.017819,-0.077215,0.005940,0.331200
314.000000,0.003053,0.005933,0.011865,-0.035596,-0.005933,0.165600
315.000000,0.004101,-0.005940,0.023759,-0.017819,0.005940,0.144900
316.000000,0.003868,0.000000,0.029634,-0.017798,0.011865,0.165500
317.000000,0.012189,0.201173,0.201173,0.053238,0.106505,0.703600
318.000000,0.008503,-0.040566,0.040538,-0.063746,0.028948,0.372500
319.000000,0.003790,-0.005817,0.000000,-0.052385,-0.034904,0.188200
320.000000,0.004599,-0.011745,0.041008,-0.087931,-0.082072,0.460000
321.000000,0.004490,0.000000,0.029780,-0.083442,-0.023853,0.397300
322.000000,0.003550,-0.029923,0.023967,-0.029923,0.023967,0.188200
323.000000,0.003136,-0.005956,0.035765,-0.017897,0.011912,0.188300
324.000000,0.003153,-0.005942,-0.005942,-0.059448,-0.053506,0.209100
325.000000,0.002429,-0.006006,0.030060,-0.042072,0.030060,0.251000
326.000000,0.009379,-0.029880,0.131404,-0.029880,0.113493,0.564600
327.000000,0.003896,-0.023379,0.005838,-0.070109,-0.005838,0.271900
328.000000,0.002992,-0.017562,0.005845,-0.040940,-0.011689,0.167300
329.000000,0.003870,0.005858,0.011717,-0.029320,0.005858,0.146400
330.000000,0.007443,0.005851,0.005851,-0.093679,-0.064422,0.355500
331.000000,0.003385,-0.011856,0.017812,-0.023711,0.017812,0.146400
332.000000,0.002932,-0.011842,0.000000,-0.029562,-0.011842,0.104600
333.000000,0.003926,-0.005921,0.017791,-0.023683,-0.017762,0.146400
334.000000,0.004326,0.017826,0.017826,-0.071332,-0.047564,0.313600
335.000000,0.003031,-0.011998,0.060019,-0.011998,0.048021,0.250900
336.000000,0.008653,0.011884,0.267529,-0.059448,0.136750,1.150100
337.000000,0.007148,-0.046298,-0.046298,-0.364597,-0.219920,1.317500
338.000000,0.002989,-0.054477,0.018178,-0.084727,0.000000,0.355500
339.000000,0.004135,0.012129,0.036328,-0.030249,0.024228,0.230000
340.000000,0.003337,0.006021,0.036124,-0.018091,0.000000,0.188200
341.000000,0.003680,-0.006021,0.042173,-0.060235,-0.036153,0.355500
342.000000,0.003210,-0.012129,0.048545,-0.012129,0.042481,0.209100
343.000000,0.002808,0.000000,0.024054,-0.042123,-0.018040,0.230000
344.000000,0.002197,0.000000,0.012070,-0.030205,0.006035,0.146400
345.000000,0.004569,0.000000,0.024112,-0.036196,0.018084,0.209100
346.000000,0.005261,-0.018019,0.066097,-0.030060,0.048078,0.334600
347.000000,0.005291,0.000000,0.000000,-0.065467,-0.035722,0.230000
348.000000,0.007138,-0.005992,0.041971,-0.041971,0.005992,0.292800
349.000000,0.004693,-0.023939,-0.005985,-0.077829,-0.077829,0.271800
350.000000,0.003981,0.012159,0.012159,-0.030425,-0.012159,0.146400
351.000000,0.004356,0.018282,0.018282,-0.030500,-0.024405,0.167300
352.000000,0.006432,0.000000,0.122538,-0.012248,0.116414,0.460000
353.000000,0.003721,-0.017954,0.005985,-0.053890,-0.035908,0.209100
354.000000,0.003984,0.018084,0.036168,-0.012085,0.036168,0.167300
355.000000,0.003900,-0.011969,-0.005985,-0.077829,-0.053890,0.271800
356.000000,0.003592,-0.036299,-0.012100,-0.054477,-0.042378,0.188200
357.000000,0.003383,0.006131,0.073277,0.006131,0.067175,0.251000
358.000000,0.001804,0.024083,0.024083,-0.018091,0.000000,0.146400
359.000000,0.002215,0.006021,0.018062,-0.030132,0.000000,0.167300
360.000000,0.018435,0.000000,0.319268,-0.012041,0.168665,1.150100
361.000000,0.008770,-0.069918,0.011648,-0.081594,-0.052446,0.334600
362.000000,0.010585,0.005886,0.170776,0.005886,0.129575,0.606400
363.000000,0.007019,-0.028714,0.022949,-0.086114,-0.022976,0.397300
364.000000,0.006401,-0.028819,0.046137,-0.069192,-0.069192,0.418200
365.000000,0.005233,-0.017562,0.052630,-0.023406,0.000000,0.271900
366.000000,0.005987,0.029223,0.099414,0.017534,0.052630,0.355500
367.000000,0.007413,0.040514,0.081000,0.011567,0.034730,0.292700
368.000000,0.005654,-0.017259,0.022975,-0.063237,-0.045978,0.313700
369.000000,0.005630,0.017391,0.063796,-0.005825,0.046405,0.251000
370.000000,0.003544,-0.017259,0.011488,-0.051750,-0.023003,0.230100
371.000000,0.005635,-0.005770,0.017311,-0.034650,0.000000,0.188200
372.000000,0.005478,-0.005770,0.034650,-0.011541,0.023109,0.167300
373.000000,0.015425,0.011488,0.218376,0.000000,0.137907,0.794600
374.000000,0.011001,-0.022359,-0.016769,-0.106257,-0.072692,0.397300
375.000000,0.005784,0.000000,0.022689,-0.039732,-0.011344,0.230000
376.000000,0.003592,0.011370,0.017055,-0.045507,-0.022767,0.230000
377.000000,0.006120,0.000000,0.011422,-0.062849,-0.034294,0.271800
378.000000,0.005085,0.011528,0.034530,-0.017251,0.000000,0.188200
379.000000,0.005479,0.005778,0.011528,-0.063283,-0.046031,0.271900
380.000000,0.007369,0.000000,0.029047,-0.075479,-0.040627,0.376400
381.000000,0.004409,-0.017582,0.029257,-0.035137,0.023406,0.230000
382.000000,0.006417,-0.011648,0.064094,-0.011648,0.052446,0.271800
383.000000,0.018620,-0.005764,0.144176,-0.034610,0.109566,0.648300
384.000000,0.010756,-0.028201,0.050815,-0.067709,0.011307,0.439200
385.000000,0.006001,0.028137,0.045046,-0.067583,-0.061955,0.418300
386.000000,0.005801,-0.005698,0.051309,-0.028490,0.034215,0.292700
387.000000,0.005420,0.011319,0.045301,-0.039642,-0.028324,0.313700
388.000000,0.003884,-0.011383,0.039868,-0.034149,0.000000,0.271800
389.000000,0.006624,0.000000,0.096838,-0.022766,0.079736,0.439200
390.000000,0.012416,0.011204,0.123329,-0.016807,0.078484,0.522800
391.000000,0.009219,-0.022089,0.022062,-0.115907,-0.011031,0.522800
392.000000,0.009947,0.071888,0.077416,-0.049777,-0.027666,0.480900
393.000000,0.008684,0.000000,0.000000,-0.077873,-0.033378,0.292800
394.000000,0.026210,-0.005596,0.285553,-0.016788,0.223971,1.129200
395.000000,0.021738,-0.021424,0.058942,-0.075035,0.021450,0.522800
396.000000,0.013378,0.021333,0.021333,-0.117405,-0.080048,0.543700
397.000000,0.011946,0.027099,0.119290,-0.059671,-0.032545,0.690100
398.000000,0.024583,0.000000,0.229258,-0.049125,0.201955,1.066500
399.000000,0.017411,-0.047218,-0.031462,-0.141653,-0.073436,0.564600
400.000000,0.062167,-0.010644,0.500527,-0.047921,0.255573,2.153900
401.000000,0.024441,0.501526,0.501526,0.501526,0.501526,2.070300
402.000000,0.010766,0.501843,0.501843,0.501843,0.501843,2.279400
403.000000,0.239024,0.384939,0.502087,0.071129,0.200843,2.509400
404.000000,0.207514,-0.498798,0.213188,-0.498798,-0.281570,3.701400
405.000000,0.165516,-0.217390,0.306893,-0.260032,0.208849,2.781300
406.000000,0.109256,-0.110471,-0.032734,-0.335501,-0.257765,1.714700
407.000000,0.091275,-0.120787,0.012935,-0.431408,-0.371005,2.153900
408.000000,0.128441,0.079217,0.498585,-0.046616,0.433362,2.446700
409.000000,0.083753,-0.231572,-0.145797,-0.360206,-0.278736,1.756600
410.000000,0.047642,-0.049948,0.040870,-0.177120,-0.127150,1.003800
411.000000,0.048643,0.032623,0.167747,-0.009337,0.074559,0.794700
412.000000,0.039691,-0.041321,0.045909,-0.133161,0.036732,0.815600
413.000000,0.059903,0.154967,0.237005,-0.050152,-0.045596,1.317500
414.000000,0.063876,-0.068980,0.161012,-0.170185,0.055210,1.505700
415.000000,0.037357,-0.091005,-0.027304,-0.154685,-0.131950,0.711000
416.000000,0.033452,0.009363,0.065428,-0.079439,-0.046725,0.648300
417.000000,0.054364,0.141519,0.330181,0.047166,0.066045,1.463800
418.000000,0.100715,-0.069837,0.423653,-0.148980,0.251387,2.572200
419.000000,0.049794,-0.088645,-0.048752,-0.239353,-0.234923,1.129200
420.000000,0.038805,-0.069772,0.120928,-0.093015,0.004649,0.961900
421.000000,0.047078,0.060419,0.083640,-0.353159,-0.311339,1.965700
422.000000,0.036462,-0.069384,-0.069384,-0.277511,-0.133791,1.171100
423.000000,0.034560,0.005089,0.020355,-0.193494,-0.132381,0.878300
424.000000,0.030906,-0.010454,0.015681,-0.183050,-0.135981,0.794600
425.000000,0.022295,-0.026892,0.069878,-0.161301,-0.145181,0.899200
426.000000,0.017265,-0.011068,0.127361,-0.038738,0.044298,0.627300
427.000000,0.016272,-0.016456,0.131727,-0.054880,0.032938,0.711000
428.000000,0.022420,-0.005449,0.169038,-0.038172,0.158139,0.794700
429.000000,0.015013,-0.042284,-0.021155,-0.116288,-0.058157,0.460100
430.000000,0.024289,0.005345,0.171128,-0.005345,0.005345,0.690100
431.000000,0.017766,-0.058753,0.026720,-0.106828,-0.005339,0.522800
432.000000,0.014844,-0.053471,-0.010689,-0.133691,-0.128346,0.522800
433.000000,0.029817,0.005512,0.038424,-0.406127,-0.340276,1.693800
434.000000,0.016269,-0.011772,0.035344,-0.147233,0.029458,0.648300
435.000000,0.012018,-0.035137,0.070245,-0.076125,-0.011731,0.522800
436.000000,0.013491,-0.035191,0.146715,-0.041057,0.070439,0.669100
437.000000,0.010484,-0.023163,0.034730,-0.046298,0.011567,0.292800
438.000000,0.011248,-0.005770,0.051961,-0.086611,-0.080841,0.501900
439.000000,0.012879,0.052815,0.164338,0.029354,0.052815,0.585600
440.000000,0.011162,-0.046431,-0.017412,-0.110330,-0.046431,0.397300
441.000000,0.009801,0.000000,0.000000,-0.093789,-0.052781,0.334600
442.000000,0.008641,-0.041446,0.017791,-0.094761,-0.053316,0.397300
443.000000,0.010945,0.000000,0.113794,0.000000,0.077857,0.397400
444.000000,0.009843,-0.011786,0.035385,-0.123835,-0.100235,0.564700
445.000000,0.010595,0.030067,0.042123,-0.078232,0.024054,0.418300
446.000000,0.008283,-0.029923,0.017983,-0.059875,-0.041892,0.271900
447.000000,0.015680,-0.018134,0.000000,-0.229482,-0.181171,0.794700
448.000000,0.023829,0.056389,0.263158,0.050127,0.213031,0.878300
449.000000,0.027530,-0.060091,-0.030060,-0.210332,-0.162254,0.731900
450.000000,0.019827,0.018623,0.192526,-0.037276,0.055898,0.773700
451.000000,0.011875,-0.024585,0.055280,-0.036863,0.030695,0.313700
452.000000,0.012821,0.006131,0.079379,-0.030508,0.048842,0.376400
453.000000,0.022081,0.012114,0.151150,-0.018128,0.114895,0.585500
454.000000,0.032080,0.011814,0.502360,-0.065031,0.502360,2.007600
455.000000,0.062064,-0.059094,0.134265,-0.161128,-0.080564,1.150200
456.000000,0.033976,-0.076428,0.098250,-0.180133,0.010911,1.066500
457.000000,0.024377,-0.065348,-0.054461,-0.185184,-0.174297,0.711000
458.000000,0.019143,0.056455,0.107244,-0.112857,-0.062069,0.815600
459.000000,0.014108,-0.022844,0.062849,-0.062849,0.040005,0.460000
460.000000,0.018573,-0.022690,0.102037,-0.056684,-0.016997,0.585500
461.000000,0.020381,-0.062590,-0.034137,-0.307182,-0.290100,1.129300
462.000000,0.013036,0.000000,0.120762,-0.030205,0.066416,0.522800
463.000000,0.014518,-0.011912,0.089398,-0.154944,0.017868,0.857400
464.000000,0.008235,-0.011870,0.023768,-0.047507,-0.035638,0.251000
465.000000,0.018477,0.006006,0.173461,-0.011955,0.101703,0.648300
466.000000,0.015285,-0.011745,0.087903,-0.058639,0.070328,0.522800
467.000000,0.016158,-0.017331,0.109819,-0.046244,0.028913,0.564600
468.000000,0.027902,0.109188,0.247123,0.028719,0.040207,0.899200
469.000000,0.018769,-0.062705,0.028517,-0.131109,-0.085498,0.585500
470.000000,0.013682,-0.011622,0.081188,-0.034811,0.034783,0.418200
471.000000,0.013751,-0.017271,0.063383,-0.120954,-0.092169,0.669200
472.000000,0.009681,-0.011730,0.052815,-0.082141,-0.064545,0.480900
473.000000,0.009814,0.000000,0.017826,-0.118895,-0.089186,0.480900
474.000000,0.013746,0.000000,0.084756,-0.169482,-0.163432,0.878300
475.000000,0.010403,-0.031301,0.062573,-0.081335,0.037556,0.480900
476.000000,0.006878,-0.105589,0.049691,-0.142865,-0.012415,0.648300
477.000000,0.014164,-0.093406,-0.049814,-0.454554,-0.404739,1.526600
478.000000,0.010775,0.094829,0.196462,-0.101633,0.006771,0.920100
479.000000,0.011560,0.006762,0.223277,-0.047367,0.135306,0.836500
480.000000,0.010844,-0.065870,0.006584,-0.191027,-0.105405,0.627300
481.000000,0.007625,0.047112,0.134610,0.000000,0.094224,0.418300
482.000000,0.008297,0.019804,0.099082,-0.013203,0.033038,0.355500
483.000000,0.007598,0.013116,0.085285,-0.052495,0.059053,0.439100
484.000000,0.012773,0.084289,0.220491,0.000000,0.103764,0.711000
485.000000,0.011490,0.088925,0.108004,-0.019079,0.006350,0.418300
486.000000,0.017328,0.044421,0.203051,0.044421,0.158630,0.669200
487.000000,0.013087,-0.049202,0.086081,-0.073817,0.012293,0.543700
488.000000,0.009521,-0.042950,-0.012263,-0.110425,-0.061344,0.376400
489.000000,0.013275,-0.049691,0.062106,-0.074551,0.049691,0.460100
490.000000,0.021532,-0.061495,0.166045,-0.073817,0.147605,0.815600
491.000000,0.014068,-0.023910,-0.005999,-0.125462,-0.095582,0.439200
492.000000,0.015142,-0.006087,0.109618,-0.067011,0.042636,0.606500
493.000000,0.012883,-0.030205,0.036211,-0.096621,-0.090586,0.460000
494.000000,0.010675,-0.012293,0.104550,-0.030762,0.067641,0.460100
495.000000,0.013191,-0.024258,0.042481,-0.036416,0.018194,0.271900
496.000000,0.017954,-0.006043,0.096738,-0.048369,0.090696,0.501900
497.000000,0.021716,-0.023739,0.195964,-0.065312,0.029703,0.920100
498.000000,0.016514,-0.035427,-0.023628,-0.206607,-0.194807,0.731900
499.000000,0.010676,-0.024585,0.092144,-0.067558,0.024556,0.543700
500.000000,0.009574,0.042792,0.091694,-0.024436,-0.006109,0.397300
501.000000,0.009041,-0.036699,0.036728,-0.085660,-0.024466,0.418200
502.000000,0.014350,-0.049202,-0.043055,-0.190661,-0.153752,0.648300
503.000000,0.010192,-0.006342,0.107867,-0.031738,-0.025397,0.460100
504.000000,0.010266,-0.031870,0.121196,-0.076518,0.063770,0.648300
505.000000,0.018656,-0.214105,-0.176313,-0.491177,-0.447091,1.631100
506.000000,0.010187,-0.117565,0.013823,-0.283545,-0.034592,0.899200
507.000000,0.009602,0.083585,0.208929,0.034833,0.097504,0.627400
508.000000,0.009244,-0.061473,0.143459,-0.095639,0.006827,0.732000
509.000000,0.009798,-0.020452,0.150081,-0.020452,0.102326,0.522800
510.000000,0.005919,0.046797,0.060158,-0.013361,-0.006681,0.230000
511.000000,0.010678,-0.026791,0.107098,-0.033480,0.066928,0.439200
512.000000,0.048745,-0.092481,0.501980,-0.105683,0.350057,1.923900
513.000000,0.041153,-0.080231,0.141983,-0.185169,0.074091,1.108300
514.000000,0.037329,-0.066901,0.182465,-0.097326,0.115564,0.961900
515.000000,0.031182,0.011884,0.029738,-0.344831,-0.285383,1.317500
516.000000,0.023795,0.100886,0.252215,0.075679,0.088283,0.836500
517.000000,0.016616,-0.055760,0.000000,-0.136319,-0.061952,0.460100
518.000000,0.008454,0.018810,0.025080,-0.094109,-0.081569,0.397300
519.000000,0.011799,-0.025496,0.082922,-0.133914,-0.025496,0.711000
520.000000,0.010309,0.012813,0.051283,-0.256417,-0.192321,1.003800
521.000000,0.011429,0.040009,0.059998,-0.139984,-0.046672,0.627300
522.000000,0.007605,-0.020177,0.040386,-0.067289,0.013484,0.334600
523.000000,0.008464,-0.013447,-0.013447,-0.201356,-0.181233,0.627400
524.000000,0.005113,-0.034799,0.041792,-0.076592,0.006993,0.355500
525.000000,0.006490,-0.006983,0.111235,-0.013934,0.076485,0.376400
526.000000,0.006119,-0.027414,0.034227,-0.054796,0.020536,0.271800
527.000000,0.005734,-0.027270,-0.006817,-0.150048,-0.136413,0.460000
528.000000,0.003898,0.028034,0.070120,-0.007009,0.042085,0.230000
529.000000,0.004366,-0.027834,0.020850,-0.076518,-0.041734,0.292800
530.000000,0.004990,-0.007009,0.056103,-0.070120,0.049094,0.376400
531.000000,0.006787,-0.027795,0.111114,-0.034736,0.069438,0.439200
532.000000,0.006442,0.006845,0.068487,-0.013691,0.034227,0.250900
533.000000,0.005059,-0.006799,0.047625,-0.027195,0.020429,0.230000
534.000000,0.004278,-0.006771,0.000000,-0.054202,-0.027117,0.167300
535.000000,0.004824,0.000000,0.040881,-0.034041,0.027265,0.230000
536.000000,0.004422,0.006771,0.013542,-0.088090,-0.081319,0.313700
537.000000,0.004117,0.000000,0.041332,-0.006883,0.020682,0.146400
538.000000,0.005772,0.000000,0.089145,-0.068581,0.075436,0.480900
539.000000,0.009931,-0.040550,0.074314,-0.067561,0.006753,0.439100
540.000000,0.008798,0.033751,0.087734,-0.026975,-0.020231,0.355500
541.000000,0.005644,-0.047431,-0.006771,-0.101633,-0.027117,0.313700
542.000000,0.012814,0.102187,0.183950,0.061306,0.149877,0.564700
543.000000,0.006266,-0.039692,0.000000,-0.059522,0.000000,0.188200
544.000000,0.020541,0.085993,0.244696,0.079352,0.099213,0.773700
545.000000,0.010974,0.016405,0.022948,-0.068845,-0.062271,0.296000
546.000000,0.016070,-0.039850,0.139427,-0.106266,0.086294,0.782400
547.000000,0.011875,-0.039143,0.071803,-0.084830,0.026116,0.507400
548.000000,0.008259,-0.012990,-0.012990,-0.110369,-0.103890,0.359400
549.000000,0.011682,-0.092828,-0.079563,-0.311665,-0.298399,0.993800
550.000000,0.008226,0.091683,0.112828,-0.021178,0.084612,0.401800
551.000000,0.007970,-0.027746,0.069364,-0.090157,0.027746,0.486400
552.000000,0.006720,-0.013796,0.027593,-0.082745,-0.075863,0.338300
553.000000,0.006672,0.000000,0.098029,0.000000,0.077032,0.296000
554.000000,0.017650,-0.013796,0.199997,-0.041389,0.124134,0.740100
555.000000,0.009824,-0.033639,-0.006715,-0.100950,-0.087488,0.317200
556.000000,0.012145,-0.027404,-0.027404,-0.164390,-0.136986,0.507500
557.000000,0.008464,0.000000,0.000000,-0.133784,-0.084493,0.401700
558.000000,0.009735,-0.014330,0.000000,-0.179074,-0.021512,0.528600
559.000000,0.007198,-0.035963,0.071959,-0.122280,-0.100709,0.570900
560.000000,0.004784,-0.022014,0.058751,-0.058716,-0.014688,0.338300
561.000000,0.007123,0.058924,0.058924,-0.117813,-0.081003,0.507500
562.000000,0.014167,-0.082337,-0.082337,-0.501490,-0.501490,1.416700
563.000000,0.006608,0.000000,0.116460,-0.058230,0.058230,0.444000
564.000000,0.007186,-0.041109,0.032902,-0.271387,-0.263142,0.782400
565.000000,0.005834,-0.052095,0.069419,-0.130218,0.052054,0.486300
566.000000,0.005438,0.103117,0.137489,0.000000,0.000000,0.338400
567.000000,0.004036,-0.137449,0.068745,-0.188967,0.034372,0.634300
568.000000,0.006036,-0.034138,0.017069,-0.136510,-0.110927,0.380600
569.000000,0.007971,0.061117,0.104737,-0.148315,-0.113403,0.613200
570.000000,0.007650,0.089264,0.214250,0.062493,0.205341,0.507400
571.000000,0.006706,0.034313,0.060028,-0.102899,-0.077185,0.401700
572.000000,0.005831,-0.034851,0.078395,-0.078395,0.069661,0.380600
573.000000,0.007596,0.000000,0.068745,-0.085890,-0.051518,0.380600
574.000000,0.006065,-0.043392,0.026027,-0.156245,-0.156245,0.444000
575.000000,0.008198,0.008941,0.062717,-0.232986,-0.062717,0.697800
576.000000,0.004971,0.018110,0.081667,0.009055,0.072569,0.190300
577.000000,0.013096,0.062605,0.295175,0.008968,0.286250,0.697800
578.000000,0.011413,-0.177685,-0.050773,-0.245383,-0.177685,0.613300
579.000000,0.009641,-0.026301,0.122794,-0.035096,0.114041,0.380600
580.000000,0.005994,-0.042871,0.025715,-0.051470,0.008558,0.190300
581.000000,0.006156,0.008584,0.085637,0.000000,0.017127,0.211500
582.000000,0.011622,-0.008514,-0.008514,-0.170648,-0.136510,0.422900
583.000000,0.007574,0.017548,0.035096,-0.052644,-0.043849,0.211500
584.000000,0.010665,-0.026576,0.000000,-0.185863,-0.159287,0.444100
585.000000,0.009959,-0.018286,0.063978,-0.109714,0.054814,0.401800
586.000000,0.010105,0.000000,0.090437,-0.081372,0.081372,0.401800
587.000000,0.015935,0.000000,0.213531,-0.026676,0.160180,0.570900
588.000000,0.022025,0.000000,0.370672,-0.043134,0.103431,1.015000
589.000000,0.011894,-0.033792,-0.008428,-0.126699,-0.059115,0.317200
590.000000,0.017363,0.025627,0.188037,0.017098,0.094019,0.465200
591.000000,0.028571,0.016782,0.243285,-0.067130,0.184567,0.782400
592.000000,0.015020,-0.032370,-0.032370,-0.137553,-0.105183,0.359500
593.000000,0.050108,0.504112,0.504112,0.099157,0.123976,1.289800
594.000000,0.038695,-0.120976,0.201602,-0.129062,0.080625,0.867000
595.000000,0.046368,-0.071426,0.269829,-0.119057,0.158730,1.036100
596.000000,0.029127,-0.153846,-0.123069,-0.361532,-0.284627,0.993800
597.000000,0.021941,0.024495,0.269174,-0.016278,0.154993,0.740000
598.000000,0.027355,0.174054,0.245254,-0.031653,-0.015826,0.740100
599.000000,0.019723,-0.119057,0.055550,-0.158730,-0.015877,0.570900
600.000000,0.015150,0.015927,0.095564,-0.055727,-0.007945,0.401800
601.000000,0.011860,-0.095716,-0.007995,-0.127583,-0.015953,0.338300
602.000000,0.011425,-0.008021,0.071998,-0.039990,0.023987,0.296000
603.000000,0.010208,0.000000,0.031855,-0.095526,-0.079599,0.338300
604.000000,0.011819,-0.056628,0.032370,-0.137553,-0.121368,0.444100
605.000000,0.021459,0.041449,0.066350,-0.373123,-0.323399,1.120700
606.000000,0.009034,0.000000,0.053204,-0.106366,0.044358,0.380600
607.000000,0.006646,0.026347,0.079083,-0.008810,0.035116,0.211500
608.000000,0.006135,0.017456,0.061117,-0.052327,-0.052327,0.274900
609.000000,0.006798,-0.008841,0.079362,-0.035281,0.044081,0.274900
610.000000,0.007516,-0.017487,0.052460,-0.069946,-0.061182,0.296100
611.000000,0.009021,0.026534,0.141584,0.000000,0.123880,0.338300
612.000000,0.013192,0.008658,0.164094,-0.025892,0.060443,0.465200
613.000000,0.005569,0.008555,0.008555,-0.059721,-0.017069,0.169200
614.000000,0.006970,0.000000,0.068509,-0.059925,-0.042798,0.317200
615.000000,0.007337,0.008658,0.017275,-0.094993,-0.086335,0.274900
616.000000,0.005045,0.017579,0.052695,-0.035157,0.035116,0.211400
617.000000,0.029765,0.000000,0.453776,0.000000,0.357788,1.099600
618.000000,0.016548,-0.056997,0.056997,-0.065162,0.000000,0.317200
619.000000,0.009575,-0.040707,0.056997,-0.048871,-0.016290,0.274900
620.000000,0.012054,-0.008153,0.138902,-0.024496,0.049031,0.422900
621.000000,0.009142,-0.032370,-0.016185,-0.145626,-0.129441,0.380600
622.000000,0.008028,0.008288,0.116266,-0.033230,0.074748,0.380600
623.000000,0.006755,0.000000,0.065443,-0.040945,0.000000,0.274900
624.000000,0.018547,0.073647,0.196367,0.024536,0.179996,0.507400
625.000000,0.012498,-0.023684,0.039522,-0.126375,-0.078970,0.444100
626.000000,0.013521,-0.008009,0.200632,-0.056174,-0.024064,0.676600
627.000000,0.022094,-0.016133,0.145156,-0.024218,0.120938,0.444100
628.000000,0.018405,-0.070864,-0.007857,-0.094473,-0.031466,0.253700
629.000000,0.018766,-0.007944,0.110923,-0.071313,0.031665,0.486300
630.000000,0.017081,-0.015752,0.070864,-0.031466,0.063007,0.274800
631.000000,0.021849,0.046667,0.209947,-0.023315,0.093297,0.634300
632.000000,0.023866,0.007653,0.160325,-0.022888,0.137437,0.507500
633.000000,0.024460,-0.022311,0.074276,-0.111449,-0.089173,0.528600
634.000000,0.029122,0.030264,0.287439,0.022680,0.234494,0.803500
635.000000,0.040372,-0.086691,0.093935,-0.303470,-0.274562,1.163000
636.000000,0.027857,0.068805,0.191121,-0.007629,0.084099,0.549700
637.000000,0.027718,0.015041,0.030082,-0.278206,-0.218042,0.867000
638.000000,0.025765,-0.212257,-0.062908,-0.479577,-0.377371,1.289900
639.000000,0.020019,0.000000,0.127561,-0.229585,0.093539,0.888100
640.000000,0.016273,0.008369,0.050095,-0.200341,-0.125218,0.634400
641.000000,0.028512,-0.034214,0.017127,-0.496570,-0.496570,1.268700
642.000000,0.027673,-0.009485,0.019016,-0.351681,-0.190114,0.824600
643.000000,0.013552,-0.167953,-0.029628,-0.177860,-0.118558,0.380600
644.000000,0.015972,-0.040495,0.182180,-0.192328,0.151833,0.782400
645.000000,0.021789,0.039255,0.363424,0.009802,0.245566,0.782300
646.000000,0.025676,0.009343,0.355799,-0.056193,0.093610,0.930400
647.000000,0.014085,-0.036730,0.091933,-0.082718,0.073547,0.401800
648.000000,0.013802,-0.154000,0.027159,-0.154000,0.027159,0.422900
649.000000,0.014657,0.081079,0.135145,-0.099101,0.009032,0.549800
650.000000,0.020950,0.035979,0.035979,-0.431669,-0.377700,1.099600
651.000000,0.015826,0.000000,0.204258,-0.068086,0.184798,0.592000
652.000000,0.019287,-0.028127,0.140724,-0.037488,0.103192,0.401700
653.000000,0.019316,0.000000,0.183823,-0.018387,0.119492,0.465200
654.000000,0.022714,0.116703,0.152618,-0.008958,0.134660,0.380600
655.000000,0.040924,0.000000,0.131129,-0.087433,-0.061182,0.528700
656.000000,0.037753,-0.115050,0.212396,-0.238930,0.141584,1.078400
657.000000,0.028250,0.068863,0.068863,-0.086038,-0.068863,0.380600
658.000000,0.014482,0.008749,0.034912,-0.104695,-0.095988,0.338300
659.000000,0.009665,-0.017756,0.017798,-0.088947,-0.080069,0.253700
660.000000,0.010835,0.045240,0.090437,-0.027110,0.090437,0.274900
661.000000,0.022687,-0.079926,0.071064,-0.106555,-0.008904,0.422900
662.000000,0.021668,0.000000,0.115665,-0.044473,0.044516,0.380600
663.000000,0.018639,-0.008841,0.070521,-0.061722,0.044081,0.317100
664.000000,0.048079,0.017487,0.340926,-0.017487,0.227284,0.867000
665.000000,0.027762,-0.016726,0.083592,-0.083631,0.008343,0.422900
666.000000,0.065337,-0.058425,0.500833,-0.083452,0.250436,1.480100
667.000000,0.049074,-0.095411,0.214619,-0.174883,0.166914,1.036100
668.000000,0.038894,-0.092293,-0.076905,-0.292303,-0.269239,0.803500
669.000000,0.027336,-0.016264,0.105697,-0.154450,-0.146337,0.676600
670.000000,0.021123,0.041906,0.092129,-0.142352,-0.108883,0.592000
671.000000,0.014457,0.017127,0.094180,-0.017127,0.085637,0.274900
672.000000,0.019059,-0.016839,0.067356,-0.218866,0.033678,0.719000
673.000000,0.011343,-0.008383,0.041796,-0.200675,-0.200675,0.613200
674.000000,0.009896,-0.026118,0.043543,-0.148097,-0.017426,0.465200
675.000000,0.014768,0.201033,0.201033,0.113642,0.131129,0.486300
676.000000,0.009104,-0.017040,0.042579,-0.059619,0.042579,0.253700
677.000000,0.009470,-0.092907,-0.050687,-0.135126,-0.101335,0.338300
678.000000,0.011540,0.000000,0.086186,-0.094829,0.034450,0.444000
679.000000,0.009801,-0.017127,0.111307,-0.017127,0.068509,0.317200
680.000000,0.008498,-0.025324,0.033792,-0.076011,0.025324,0.274900
681.000000,0.006912,0.033621,0.058857,-0.042007,-0.008385,0.253800
682.000000,0.010704,0.000000,0.084155,-0.033678,0.050517,0.296000
683.000000,0.010988,-0.008355,0.116654,-0.041696,0.033302,0.401800
684.000000,0.012415,0.000000,0.066241,-0.057941,-0.057941,0.317200
685.000000,0.011122,-0.016754,0.067017,-0.142352,0.033509,0.528600
686.000000,0.008041,-0.041587,0.000000,-0.149746,-0.141444,0.380600
687.000000,0.007698,0.017127,0.059966,-0.188360,-0.119851,0.613300
688.000000,0.007837,-0.017548,0.078945,-0.061397,0.008795,0.338300
689.000000,0.009777,-0.043814,-0.008779,-0.166392,-0.140137,0.401800
690.000000,0.008283,0.027055,0.036044,-0.117123,-0.072046,0.359500
691.000000,0.009891,-0.063978,0.045693,-0.109714,-0.009164,0.359500
692.000000,0.004269,0.000000,0.045820,-0.027457,0.027501,0.169200
693.000000,0.006374,0.054614,0.081964,-0.145753,-0.145753,0.528700
694.000000,0.004468,0.150129,0.150129,-0.009361,-0.009361,0.359500
695.000000,0.004975,0.009378,0.065782,-0.065782,-0.046981,0.296000
696.000000,0.004453,0.000000,0.094854,-0.028492,0.000000,0.274900
697.000000,0.007577,-0.056939,0.123345,-0.066406,0.113833,0.422900
698.000000,0.009428,0.055672,0.102043,0.000000,0.055672,0.232600
699.000000,0.007041,-0.018353,0.055059,-0.036706,0.027508,0.211500
700.000000,0.010066,0.000000,0.091262,-0.036505,-0.018252,0.296100
701.000000,0.005596,0.018319,0.045820,-0.027457,-0.009138,0.169200
702.000000,0.006335,0.000000,0.036706,-0.027551,0.036706,0.148100
703.000000,0.004952,0.000000,0.045526,-0.036438,-0.009131,0.190300
704.000000,0.008997,-0.009105,0.164229,-0.036505,0.063862,0.465200
705.000000,0.006960,0.000000,0.027055,-0.072046,-0.018022,0.232600
706.000000,0.005886,-0.027110,-0.009022,-0.153679,-0.108482,0.359400
707.000000,0.005460,0.000000,0.064688,-0.009222,0.046200,0.169100
708.000000,0.004605,0.027501,0.064096,0.000000,0.036639,0.148000
709.000000,0.005296,0.009115,0.036372,-0.054558,-0.027258,0.211500
710.000000,0.004025,0.018286,0.027407,-0.036571,0.009121,0.148000
711.000000,0.004190,-0.018252,0.045609,-0.045609,0.000000,0.211400
712.000000,0.008258,0.000000,0.082114,-0.036505,0.054757,0.274900
713.000000,0.009063,0.009006,0.036109,-0.117334,-0.108328,0.359500
714.000000,0.008204,0.009249,0.009249,-0.239822,-0.184502,0.570900
715.000000,0.003902,-0.038278,0.038323,-0.047881,-0.019116,0.190300
716.000000,0.005761,-0.019235,0.096130,-0.038470,-0.028875,0.296000
717.000000,0.003634,0.019347,0.106385,0.000000,0.096734,0.232600
718.000000,0.005120,-0.009512,0.094854,-0.009512,0.094854,0.232600
719.000000,0.006641,0.000000,0.111758,-0.018626,0.074505,0.296100
720.000000,0.008882,0.027508,0.100919,-0.018353,0.100919,0.274900
721.000000,0.009640,0.000000,0.044953,-0.027006,0.017990,0.169200
722.000000,0.006785,-0.008984,0.000000,-0.071701,-0.044834,0.169200
723.000000,0.009988,0.045240,0.162787,0.036175,0.144699,0.380700
724.000000,0.017798,0.035116,0.158167,-0.043968,0.000000,0.486400
725.000000,0.008880,-0.008810,0.061505,-0.043968,0.017579,0.253800
726.000000,0.010828,-0.008779,0.087544,-0.026296,-0.008779,0.274900
727.000000,0.013630,-0.026301,0.114041,-0.035096,0.114041,0.359500
728.000000,0.025451,0.017157,0.205839,-0.008599,0.197240,0.528700
729.000000,0.024401,0.016506,0.066022,-0.065983,-0.057750,0.338300
730.000000,0.021016,0.008369,0.133548,-0.058425,0.000000,0.486300
731.000000,0.012405,0.008369,0.066794,-0.016698,0.025067,0.211500
732.000000,0.010593,0.033191,0.058133,-0.049845,0.008288,0.274900
733.000000,0.033418,0.049763,0.306811,0.049763,0.157562,0.782400
734.000000,0.035319,-0.008059,0.217034,-0.080404,0.128609,0.782400
735.000000,0.041466,0.031355,0.282122,-0.047033,0.180237,0.888100
736.000000,0.025995,-0.052945,0.037812,-0.075625,-0.015132,0.317100
737.000000,0.036263,-0.098639,0.053105,-0.189672,0.000000,0.676600
738.000000,0.081616,0.128995,0.500768,0.083461,0.500768,1.395600
739.000000,0.074106,0.055185,0.344842,-0.075863,0.241386,1.289900
740.000000,0.054526,-0.111852,0.361848,-0.131578,0.138143,1.585900
741.000000,0.043767,-0.025614,0.185657,-0.262469,-0.108815,1.480100
742.000000,0.057458,0.052337,0.340299,-0.045837,0.130889,1.247600
743.000000,0.037578,-0.146702,-0.082912,-0.248736,-0.165824,0.824700
744.000000,0.024539,0.032974,0.125312,-0.039587,0.026391,0.528600
745.000000,0.027569,-0.026253,0.026222,-0.249339,-0.105011,0.888000
746.000000,0.024940,0.000000,0.154176,-0.006688,0.120672,0.507500
747.000000,0.023054,-0.013092,0.078521,-0.104736,0.000000,0.592100
748.000000,0.031403,-0.091644,0.215941,-0.150543,0.071991,1.184100
749.000000,0.021491,-0.045187,0.032250,-0.322593,-0.283875,1.163000
750.000000,0.017129,0.068383,0.177815,-0.013683,0.102574,0.592000
751.000000,0.021412,0.026816,0.067040,-0.174240,-0.134048,0.761200
752.000000,0.036969,0.020682,0.502759,0.020682,0.316814,1.543600
753.000000,0.069786,0.148983,0.498714,0.045332,0.420975,1.628200
754.000000,0.047995,0.011950,0.131424,-0.185158,-0.053762,1.120600
755.000000,0.026515,-0.024132,0.501225,-0.042266,0.501225,1.903100
756.000000,0.005741,0.499450,0.499450,0.499450,0.499450,1.924200
757.000000,0.162151,0.199600,0.498999,0.024944,0.498999,2.114500
758.000000,0.119631,-0.258627,-0.145181,-0.480948,-0.408357,2.241400
759.000000,0.104579,-0.133395,0.197628,-0.316186,-0.123512,2.199000
760.000000,0.075828,-0.086128,0.253304,-0.162097,-0.136774,1.733900
761.000000,0.064240,0.156237,0.333337,0.000000,0.244787,1.353300
762.000000,0.090676,0.019866,0.501500,-0.153923,0.188676,2.791200
763.000000,0.058727,-0.119611,0.157898,-0.215305,0.090919,1.649300
764.000000,0.067011,-0.089295,0.253751,-0.122186,-0.079895,1.691600
765.000000,0.048815,-0.071639,-0.023872,-0.253107,-0.210128,1.120700
766.000000,0.025282,-0.014947,0.119645,-0.034892,0.064809,0.655500
767.000000,0.030397,0.019690,0.196850,-0.029511,0.044290,0.972600
768.000000,0.109101,0.009758,0.502452,-0.073153,0.502452,2.495100
769.000000,0.070616,-0.057627,-0.035469,-0.376787,-0.310292,1.797400
770.000000,0.065156,-0.023624,0.326085,-0.108687,-0.080348,1.945300
771.000000,0.042955,-0.115255,0.134495,-0.211317,-0.110462,1.522400
772.000000,0.061098,0.014727,0.373275,-0.044203,0.058953,1.797300
773.000000,0.057327,-0.199040,0.237861,-0.286416,0.072798,2.283700
774.000000,0.011660,-0.425835,-0.411466,-0.497610,-0.497610,2.199100
775.000000,0.065543,-0.324111,0.414474,-0.499460,-0.488830,3.637000
776.000000,0.034230,-0.335697,0.100127,-0.335697,-0.141348,1.564800
777.000000,0.025936,-0.103040,0.072715,-0.151507,-0.072715,0.782300
778.000000,0.061194,0.301350,0.498139,0.030743,0.498139,1.712700
779.000000,0.063355,-0.055915,0.497760,-0.078292,0.497760,2.177900
780.000000,0.081494,-0.005076,0.289936,-0.122056,-0.122056,1.712700
781.000000,0.050420,0.213752,0.349316,0.109477,0.213752,1.416700
782.000000,0.049455,0.065003,0.240008,-0.044999,0.034996,1.205300
783.000000,0.034963,-0.024820,0.153923,-0.079439,-0.039708,0.993800
784.000000,0.037635,-0.045067,-0.030037,-0.500521,-0.310311,2.114600
785.000000,0.061119,0.064024,0.501590,0.058699,0.501590,1.987600
786.000000,0.047520,-0.029105,0.169743,-0.155179,-0.077590,1.416700
787.000000,0.040718,-0.044334,0.128062,-0.133001,-0.009854,1.120600
788.000000,0.045219,0.024673,0.069094,-0.419538,-0.103665,2.093300
789.000000,0.029152,0.025219,0.161304,-0.095753,0.115943,1.078400
790.000000,0.061366,0.034479,0.379293,-0.039418,0.142855,1.797300
791.000000,0.038602,-0.047904,0.148468,-0.134108,0.004779,1.247600
792.000000,0.031733,-0.210530,-0.081325,-0.263163,-0.205733,1.163000
793.000000,0.029510,0.009982,0.184638,-0.009982,0.179635,0.824700
794.000000,0.030562,0.105975,0.236029,-0.158962,-0.101145,1.733900
795.000000,0.023620,-0.132762,-0.009835,-0.314654,-0.132762,1.353300
796.000000,0.054805,0.055557,0.060620,-0.499986,-0.499986,2.347100
797.000000,0.026207,-0.061729,-0.061729,-0.325473,-0.207640,1.226400
798.000000,0.022922,0.070274,0.081959,-0.269328,-0.128808,1.268700
799.000000,0.026685,0.036066,0.324538,0.000000,0.300494,1.141900
800.000000,0.019587,-0.022681,-0.011340,-0.209759,-0.209759,0.782400
801.000000,0.023996,-0.029579,0.053253,-0.159758,0.000000,0.761200
802.000000,0.023440,0.017742,0.047348,-0.218944,-0.118343,0.951600
803.000000,0.016199,-0.030296,0.000000,-0.157584,-0.042420,0.549800
804.000000,0.013258,0.024456,0.036683,-0.110021,-0.079466,0.507500
805.000000,0.053600,0.229823,0.503120,0.167697,0.434795,1.712800
806.000000,0.031569,-0.085720,0.142849,-0.125716,0.068560,0.993800
807.000000,0.037133,0.033830,0.332592,-0.011277,0.242380,1.289900
808.000000,0.032593,0.010755,0.258074,-0.086016,-0.010730,1.353300
809.000000,0.034575,0.026933,0.043088,-0.285562,-0.075448,1.289800
810.000000,0.016324,-0.098465,-0.027346,-0.169585,-0.092981,0.655500
811.000000,0.024257,0.050166,0.217375,0.005562,0.200662,0.824600
812.000000,0.047425,-0.053603,0.498393,-0.155410,0.037509,2.579700
813.000000,0.041626,0.074460,0.212765,-0.021282,0.085101,0.930400
814.000000,0.029257,-0.083677,0.015706,-0.177816,-0.115065,0.782400
815.000000,0.016348,0.010709,0.010709,-0.182005,-0.182005,0.761200
816.000000,0.012242,0.077769,0.111111,-0.011114,0.038885,0.465200
817.000000,0.012691,-0.027557,0.055140,-0.143337,-0.016529,0.761300
818.000000,0.016705,-0.105100,-0.049777,-0.353985,-0.320792,1.353300
819.000000,0.011014,0.021522,0.033457,-0.133911,-0.032283,0.598800
820.000000,0.010911,0.030073,0.120321,-0.072215,-0.018061,0.684400
821.000000,0.013221,0.036224,0.132841,-0.024168,0.072477,0.556100
822.000000,0.021629,0.000000,0.285710,-0.029779,0.190473,1.133600
823.000000,0.015107,-0.063082,0.120401,-0.068820,0.051608,0.705800
824.000000,0.016099,-0.011357,0.130528,-0.056759,0.090804,0.705800
825.000000,0.028194,0.005551,0.211807,-0.061324,0.178369,1.048000
826.000000,0.036246,-0.037671,0.199126,-0.086113,-0.032311,1.133500
827.000000,0.036273,0.059597,0.265439,0.032521,0.113774,1.048000
828.000000,0.025538,0.042372,0.084745,-0.190688,-0.132416,1.112200
829.000000,0.040569,0.130575,0.331868,0.038081,0.195849,1.304600
830.000000,0.033390,0.047123,0.083793,-0.177990,-0.130867,1.069400
831.000000,0.067493,0.037631,0.499982,0.016113,0.424721,1.989000
832.000000,0.062719,-0.044601,0.376617,-0.079285,0.277498,1.967700
833.000000,0.034708,0.046953,0.046953,-0.154930,-0.004698,0.919700
834.000000,0.028749,-0.009404,0.028190,-0.145672,-0.112780,0.791300
835.000000,0.026129,0.014431,0.110573,-0.081732,-0.014431,0.855500
836.000000,0.026287,-0.057847,-0.014451,-0.134992,-0.072320,0.598800
837.000000,0.040408,-0.146763,0.029371,-0.352246,-0.112520,1.668300
838.000000,0.044541,-0.050055,0.390403,-0.085087,0.185197,2.031900
839.000000,0.065166,0.019293,0.149609,-0.501945,-0.270289,2.887400
840.000000,0.058385,-0.056107,-0.051002,-0.500000,-0.500000,2.096000
841.000000,0.030849,-0.351463,-0.272106,-0.498860,-0.498860,1.882100
842.000000,0.074153,-0.214110,0.094454,-0.270788,-0.201509,1.240500
843.000000,0.042064,-0.026231,0.032796,-0.170609,0.019696,0.663000
844.000000,0.030312,-0.098034,-0.006540,-0.163400,-0.084985,0.534700
845.000000,0.035298,0.119687,0.119687,-0.106382,-0.086423,0.727200
846.000000,0.041657,-0.257124,-0.081205,-0.290941,-0.081205,0.919700
847.000000,0.030852,-0.013731,0.061901,-0.075632,-0.068751,0.427700
848.000000,0.040469,0.069709,0.216171,-0.006977,0.195238,0.684400
849.000000,0.056714,0.000000,0.362435,0.000000,0.100666,1.155000
850.000000,0.052817,0.046048,0.256603,-0.013135,0.078962,0.876900
851.000000,0.047882,0.110106,0.142477,-0.155438,-0.110106,0.983800
852.000000,0.034427,0.019879,0.039727,-0.158938,-0.125838,0.641600
853.000000,0.026307,-0.210591,-0.054347,-0.237781,-0.095100,0.748600
854.000000,0.031058,0.027684,0.096943,0.000000,0.034613,0.299400
855.000000,0.026704,0.020645,0.027526,-0.075632,-0.041257,0.320800
856.000000,0.040218,0.034661,0.083233,-0.104017,0.076294,0.577500
857.000000,0.029564,0.013637,0.034140,-0.177601,-0.136626,0.663000
858.000000,0.021863,0.000000,0.070232,-0.042126,0.049153,0.342200
859.000000,0.020813,-0.020842,0.027832,-0.041716,-0.020842,0.213900
860.000000,0.020459,-0.013974,0.020929,-0.041923,0.013942,0.192500
861.000000,0.051267,0.034839,0.215903,0.013936,0.201968,0.663100
862.000000,0.031311,0.026758,0.053547,-0.093699,-0.046849,0.470500
863.000000,0.032210,0.047293,0.101346,0.000000,0.081064,0.320800
864.000000,0.030331,0.000000,0.073149,-0.039885,0.066496,0.363600
865.000000,0.034194,0.013131,0.026262,-0.131247,-0.111551,0.513400
866.000000,0.017683,0.020146,0.053691,-0.006715,0.033576,0.192500
867.000000,0.027897,0.039992,0.086653,-0.013341,0.039992,0.320800
868.000000,0.028684,-0.013235,-0.013235,-0.211637,-0.178580,0.684400
869.000000,0.021560,0.027451,0.130326,0.013725,0.041144,0.406400
870.000000,0.018737,0.020420,0.034033,-0.095229,0.034033,0.406400
871.000000,0.029747,-0.013521,0.101346,-0.033803,0.087825,0.427800
872.000000,0.017003,-0.046476,-0.033188,-0.132785,-0.086309,0.427700
873.000000,0.014583,-0.020282,0.006761,-0.060814,-0.047293,0.213900
874.000000,0.016618,-0.020475,-0.006825,-0.143264,-0.136439,0.449200
875.000000,0.018987,0.000000,0.056100,-0.224401,-0.196367,0.855500
876.000000,0.010978,0.029214,0.116787,-0.007269,0.073000,0.363500
877.000000,0.008642,0.000000,0.057553,-0.021561,-0.007198,0.235200
878.000000,0.009778,0.014417,0.108097,0.014417,0.086471,0.320900
879.000000,0.013103,-0.085001,-0.056656,-0.191228,-0.056656,0.577500
880.000000,0.013437,-0.007167,0.093109,-0.028670,0.050138,0.363600
881.000000,0.017459,0.007096,0.106377,-0.035448,0.085122,0.427700
882.000000,0.019439,0.097619,0.118519,0.006945,0.034855,0.363500
883.000000,0.012741,-0.006929,-0.006929,-0.110802,-0.076188,0.342200
884.000000,0.035522,0.028145,0.239105,0.028145,0.196920,0.727200
885.000000,0.021801,-0.054126,0.054126,-0.087975,-0.027079,0.449200
886.000000,0.023754,0.000000,0.068034,-0.047615,0.034033,0.363600
887.000000,0.037191,-0.006761,0.202692,-0.128388,0.114867,1.048000
888.000000,0.035399,-0.039653,0.085852,-0.059448,0.079244,0.470500
889.000000,0.031522,-0.006506,0.000000,-0.188543,-0.175562,0.620200
890.000000,0.019367,0.000000,0.013485,-0.107816,-0.080846,0.385000
891.000000,0.021340,-0.027413,0.027381,-0.130147,-0.041087,0.491900
892.000000,0.029457,-0.020730,0.172653,-0.041460,0.165743,0.663100
893.000000,0.041389,0.006688,0.120327,-0.080228,0.020034,0.641700
894.000000,0.028433,-0.019954,0.099893,-0.119815,-0.099862,0.705800
895.000000,0.025506,0.033987,0.122289,-0.047550,0.054347,0.534700
896.000000,0.041995,-0.026866,0.174737,-0.094077,0.161288,0.855500
897.000000,0.043732,0.052083,0.065111,-0.136706,-0.065081,0.663000
898.000000,0.037795,-0.026400,-0.006600,-0.211109,-0.191309,0.684500
899.000000,0.023529,-0.006863,0.041144,-0.178332,-0.144019,0.684400
900.000000,0.014266,0.007066,0.049430,-0.014132,0.014099,0.192500
901.000000,0.011497,0.070430,0.070430,-0.028152,-0.021106,0.299400
902.000000,0.027629,-0.028305,-0.021228,-0.374838,-0.311186,1.133600
903.000000,0.015450,-0.015092,0.045239,-0.143299,-0.060331,0.534700
904.000000,0.019485,-0.022914,0.000000,-0.251909,-0.198480,0.705800
905.000000,0.015806,0.000000,0.047722,-0.103323,-0.015870,0.406400
906.000000,0.015929,0.007942,0.007942,-0.167484,-0.143547,0.470500
907.000000,0.009886,-0.024645,0.082072,-0.041074,0.065680,0.320800
908.000000,0.012681,-0.008108,0.129658,-0.032433,0.089116,0.427800
909.000000,0.010380,-0.015895,0.015933,-0.111454,-0.103488,0.342200
910.000000,0.006711,0.000000,0.008135,-0.056905,-0.032539,0.171100
911.000000,0.009668,0.008188,0.049128,-0.065466,-0.049090,0.299500
912.000000,0.007853,0.008269,0.033077,-0.082653,0.008269,0.299500
913.000000,0.005019,-0.008256,0.016511,-0.032984,0.000000,0.128300
914.000000,0.005739,-0.008256,0.008256,-0.041239,-0.032984,0.128300
915.000000,0.006671,0.016582,0.033203,-0.074754,-0.058172,0.278000
916.000000,0.005670,0.008408,0.042041,0.000000,0.042041,0.107000
917.000000,0.011856,0.058328,0.141669,0.049989,0.099979,0.363600
918.000000,0.006962,-0.040835,0.000000,-0.089844,-0.008175,0.235200
919.000000,0.005098,-0.032714,0.008188,-0.049090,-0.016338,0.149700
920.000000,0.008875,-0.008215,0.041036,-0.016430,0.032821,0.149700
921.000000,0.009635,0.000000,0.057091,-0.024446,0.040806,0.213800
922.000000,0.006482,0.008057,0.032343,-0.032381,-0.016190,0.171100
923.000000,0.007042,0.008122,0.016243,-0.056813,-0.024365,0.192500
924.000000,0.011025,0.024484,0.073413,-0.008161,0.048930,0.213900
925.000000,0.008037,-0.016127,0.008082,-0.080746,-0.072664,0.235200
926.000000,0.014954,0.049170,0.131145,0.049170,0.106541,0.342200
927.000000,0.016971,0.048144,0.112349,0.024091,0.104318,0.299400
928.000000,0.014437,0.031465,0.078625,0.000000,0.055063,0.213900
929.000000,0.013665,0.007744,0.031085,-0.062207,-0.046683,0.256600
930.000000,0.009127,0.007854,0.039269,-0.023525,0.015708,0.171100
931.000000,0.011097,0.000000,0.031317,-0.086085,-0.086085,0.320900
932.000000,0.009630,0.023899,0.023899,-0.143283,-0.127387,0.449100
933.000000,0.006455,0.016349,0.057184,-0.032660,0.032698,0.235200
934.000000,0.006887,0.000000,0.040570,-0.016243,0.016243,0.149700
935.000000,0.007171,-0.024286,0.048533,-0.024286,0.040438,0.192500
936.000000,0.010781,0.000000,0.056174,-0.016061,0.000000,0.192500
937.000000,0.007799,0.040114,0.040114,-0.072235,0.024091,0.299400
938.000000,0.010685,-0.031967,0.047913,-0.039959,0.039921,0.235300
939.000000,0.014864,0.031714,0.102996,0.007928,0.071319,0.278000
940.000000,0.029476,0.031231,0.187497,-0.015634,0.140632,0.556100
941.000000,0.022282,-0.068392,0.000000,-0.121579,-0.091202,0.342200
942.000000,0.014099,-0.007744,0.038722,-0.038686,0.023233,0.213900
943.000000,0.018630,-0.030834,-0.023126,-0.154099,-0.154099,0.427800
944.000000,0.011533,0.047722,0.087453,0.039768,0.063592,0.235300
945.000000,0.036124,0.054940,0.282590,0.007854,0.243357,0.770000
946.000000,0.019467,-0.059914,-0.014979,-0.097326,-0.022468,0.278100
947.000000,0.034907,0.007523,0.180448,-0.060149,0.135345,0.684400
948.000000,0.021885,-0.036624,-0.029299,-0.146428,-0.109804,0.427800
949.000000,0.017038,0.022433,0.037411,-0.097326,-0.089836,0.385000
950.000000,0.013751,0.007626,0.038096,-0.083854,-0.068601,0.342200
951.000000,0.014383,-0.023197,0.030930,-0.038626,0.030930,0.192500
952.000000,0.012958,-0.038424,0.015334,-0.076813,-0.069128,0.256600
953.000000,0.018321,-0.038963,-0.038963,-0.194705,-0.132401,0.534700
954.000000,0.020695,-0.008005,-0.008005,-0.280010,-0.191997,0.748600
955.000000,0.002266,-0.499179,-0.499179,-0.499179,-0.499179,1.283300
956.000000,0.030584,-0.499058,-0.240303,-0.499058,-0.341938,1.154900
957.000000,0.018232,0.000000,0.228165,0.000000,0.178533,0.491900
958.000000,0.029476,0.038336,0.478933,-0.067043,0.344846,1.219100
959.000000,0.019897,-0.026897,-0.017931,-0.161298,-0.089615,0.385000
960.000000,0.015102,0.009129,0.127725,-0.036475,0.091250,0.384900
961.000000,0.011634,-0.008966,0.035821,-0.044786,-0.026897,0.192400
962.000000,0.012550,-0.027000,0.054085,-0.045029,0.036057,0.235300
963.000000,0.011016,0.017899,0.035757,-0.107354,-0.080505,0.342200
964.000000,0.011395,0.000000,0.027288,-0.072726,-0.063630,0.235300
965.000000,0.035442,0.147327,0.423555,0.119687,0.377532,0.983800
966.000000,0.024774,0.008567,0.025660,-0.085625,-0.008567,0.278000
967.000000,0.016827,-0.025744,-0.008581,-0.094353,-0.094353,0.235300
968.000000,0.020476,0.043731,0.104914,-0.043690,0.104914,0.363600
969.000000,0.025135,0.008567,0.111285,-0.017133,0.051359,0.320800
970.000000,0.021257,-0.016959,-0.016959,-0.127112,-0.059316,0.320800
971.000000,0.032191,-0.120057,-0.102934,-0.377373,-0.145800,0.941100
972.000000,0.024556,-0.088348,0.167858,-0.114824,0.052992,0.684400
973.000000,0.013796,0.017493,0.078675,-0.061183,-0.061183,0.342200
974.000000,0.028055,-0.123882,-0.070796,-0.380541,-0.353978,0.919700
975.000000,0.015465,0.028588,0.238097,0.028588,0.219039,0.534700
976.000000,0.019707,0.045647,0.191630,-0.009129,0.054733,0.470600
977.000000,0.028345,0.018061,0.225635,0.000000,0.171494,0.534700
978.000000,0.033776,0.034924,0.165807,-0.034883,0.122152,0.491900
979.000000,0.040939,-0.059620,0.187421,-0.093671,0.068142,0.705800
980.000000,0.035364,-0.033593,0.092451,-0.193270,-0.168046,0.727200
981.000000,0.029635,-0.086965,0.069564,-0.199992,0.060864,0.663000
982.000000,0.037804,0.017192,0.197587,-0.008596,0.111667,0.513300
983.000000,0.035790,-0.058818,-0.058818,-0.294090,-0.277313,0.748500
984.000000,0.024978,-0.373630,-0.053370,-0.373630,-0.142347,0.898200
985.000000,0.023186,0.064139,0.109910,-0.164801,-0.164801,0.641600
986.000000,0.018624,0.009431,0.085187,-0.255694,-0.028425,0.769900
987.000000,0.015358,0.038072,0.085719,-0.142850,-0.133320,0.513300
988.000000,0.016904,-0.078277,0.127182,-0.088067,0.068486,0.470500
989.000000,0.010996,0.057903,0.096535,-0.019316,0.077219,0.256700
990.000000,0.012830,-0.142578,-0.076044,-0.199644,-0.190133,0.449200
991.000000,0.010910,0.088938,0.108712,-0.039502,0.069163,0.320800
992.000000,0.023788,0.146237,0.292429,0.077972,0.194953,0.641700
993.000000,0.012672,-0.056273,0.009386,-0.103204,-0.018772,0.256700
994.000000,0.028635,0.188344,0.235408,0.065907,0.141236,0.534700
995.000000,0.031099,0.018326,0.192332,-0.082422,0.164844,0.641700
996.000000,0.024463,0.000000,0.062051,-0.115231,-0.079791,0.427700
997.000000,0.017156,-0.036015,-0.027000,-0.189171,-0.171143,0.449100
998.000000,0.010149,0.000000,0.065292,-0.046668,0.065292,0.256700
999.000000,0.009790,0.000000,0.009213,-0.082877,-0.082877,0.213900
1000.000000,0.017363,0.065537,0.103011,0.028062,0.084274,0.235300
1001.000000,0.032287,0.193351,0.340678,0.101261,0.119687,0.791300
1002.000000,0.043023,-0.035950,0.260814,-0.035950,0.224823,0.705800
1003.000000,0.022739,-0.051624,-0.008611,-0.189316,-0.172095,0.470500
1004.000000,0.016152,-0.035671,-0.017835,-0.187189,-0.169353,0.449200
1005.000000,0.013063,0.009230,0.055339,0.000000,0.055339,0.128300
1006.000000,0.011390,0.018259,0.045647,-0.045604,-0.009129,0.213900
1007.000000,0.007727,-0.009146,0.000000,-0.045687,0.000000,0.106900
1008.000000,0.013959,0.009146,0.063979,0.000000,0.018292,0.149700
1009.000000,0.018785,0.018225,0.127492,-0.036408,0.100197,0.384900
1010.000000,0.014071,-0.008934,0.000000,-0.133921,-0.089295,0.320800
1011.000000,0.009654,-0.045438,0.027288,-0.045438,0.009096,0.171100
1012.000000,0.054435,0.009080,0.471841,-0.009080,0.308536,1.133500
1013.000000,0.036845,-0.034207,0.085439,-0.188061,-0.170957,0.684400
1014.000000,0.033364,0.088505,0.274327,0.026564,0.141591,0.663000
1015.000000,0.028220,0.043054,0.043054,-0.172095,-0.137692,0.534700
1016.000000,0.017124,-0.008855,0.106214,-0.088505,-0.061941,0.470600
1017.000000,0.014946,0.017931,0.080649,-0.008966,0.071684,0.213900
1018.000000,0.017815,-0.035356,0.079509,-0.088348,0.079509,0.406400
1019.000000,0.026334,-0.026102,0.130428,-0.052163,0.113027,0.449100
1020.000000,0.022523,0.017017,0.068026,-0.059518,-0.033993,0.320800
1021.000000,0.016205,0.034226,0.051359,-0.102758,-0.077059,0.385000
1022.000000,0.010734,0.008701,0.008701,-0.086965,-0.008701,0.235300
1023.000000,0.007860,-0.034863,0.000000,-0.069685,-0.008716,0.171100
1024.000000,0.010368,-0.043614,-0.026193,-0.113421,-0.096000,0.278000
1025.000000,0.008284,0.017804,0.097879,0.008902,0.017804,0.235300
1026.000000,0.009612,0.008870,0.062051,-0.017741,0.044352,0.192500
1027.000000,0.008420,0.017544,0.052713,-0.026377,-0.008792,0.192500
1028.000000,0.018387,-0.008808,-0.008808,-0.202456,-0.176074,0.491900
1029.000000,0.012112,0.018259,0.082121,-0.091250,-0.082121,0.406400
1030.000000,0.016856,0.018563,0.139139,-0.129858,-0.027802,0.620200
1031.000000,0.007739,-0.037335,0.037291,-0.074626,-0.018667,0.256600
1032.000000,0.005564,0.009369,0.065537,0.000000,0.056168,0.149700
1033.000000,0.005036,0.000000,0.009265,-0.074073,-0.037015,0.192500
1034.000000,0.013974,0.037291,0.214543,0.009290,0.102583,0.491900
1035.000000,0.020333,-0.027395,0.191981,-0.045687,0.100563,0.556100
1036.000000,0.019786,-0.026897,0.053752,-0.071684,0.035821,0.299400
1037.000000,0.022804,0.008902,0.097879,-0.008860,0.044510,0.256600
1038.000000,0.028860,0.052899,0.096974,-0.052899,-0.017647,0.363500
1039.000000,0.017038,-0.008855,0.008855,-0.115027,-0.070796,0.299400
1040.000000,0.020481,0.017964,0.161588,-0.017964,0.098758,0.427800
1041.000000,0.019964,-0.026423,0.052806,-0.052847,0.052806,0.256700
1042.000000,0.027873,-0.008716,0.069685,-0.069685,0.069685,0.342200
1043.000000,0.017213,-0.008596,0.034384,-0.085919,-0.068728,0.299500
1044.000000,0.014906,0.008716,0.017432,-0.113224,-0.087117,0.320800
1045.000000,0.030284,-0.106361,0.186194,-0.115231,0.159583,0.727200
1046.000000,0.031404,-0.042940,0.051536,-0.068728,-0.051536,0.299400
1047.000000,0.033885,0.034701,0.156258,-0.017371,0.112830,0.427800
1048.000000,0.037748,-0.042429,0.118834,-0.067911,0.118834,0.470500
1049.000000,0.025545,-0.024851,0.008297,-0.099482,-0.091185,0.278000
1050.000000,0.023084,0.033764,0.101330,-0.025352,0.050665,0.320800
1051.000000,0.031973,0.142143,0.167241,-0.066889,-0.058523,0.598900
1052.000000,0.018336,-0.033860,0.109967,-0.042286,0.033821,0.384900
1053.000000,0.015195,0.008408,0.058857,-0.033593,-0.025185,0.235300
1054.000000,0.010508,-0.025352,-0.016901,-0.101369,-0.092919,0.256700
1055.000000,0.013966,0.051624,0.060235,-0.025832,0.000000,0.213900
1056.000000,0.015213,-0.008611,0.060235,-0.051624,0.051624,0.278000
1057.000000,0.056624,-0.008483,0.459991,-0.025528,0.408894,1.219100
1058.000000,0.011330,0.503928,0.503928,0.503928,0.503928,1.368800
1059.000000,0.138780,0.364814,0.500699,0.100133,0.500699,1.497100
1060.000000,0.116287,0.065026,0.500663,-0.006506,0.182067,1.668300
1061.000000,0.097617,0.037633,0.225829,-0.031385,0.062742,0.876900
1062.000000,0.088938,0.049565,0.148696,-0.092961,0.006170,0.834200
1063.000000,0.113169,0.018575,0.501264,-0.043313,0.439377,1.882200
1064.000000,0.122938,0.460747,0.460747,-0.290108,0.102394,2.823200
1065.000000,0.129319,-0.050170,0.501671,-0.083633,0.501671,2.245800
1066.000000,0.118853,0.050640,0.151967,-0.359691,-0.248226,2.160200
1067.000000,0.071063,0.000000,0.026643,-0.501077,-0.458433,2.117400
1068.000000,0.056002,0.111511,0.193663,-0.246482,-0.070408,1.604100
1069.000000,0.074445,0.101164,0.499978,0.101164,0.499978,1.796500
1070.000000,0.043490,-0.075750,0.075776,-0.221862,-0.113625,1.176400
1071.000000,0.036634,0.000000,0.044296,-0.083052,-0.077512,0.491900
1072.000000,0.036426,-0.106870,0.101216,-0.191230,0.011229,1.112100
1073.000000,0.048554,0.005615,0.033689,-0.493821,-0.460158,2.010500
1074.000000,0.041923,0.018552,0.327579,-0.024707,0.142145,1.219100
1075.000000,0.032635,0.132231,0.156255,-0.132203,-0.066087,1.026600
1076.000000,0.036866,0.030440,0.249695,-0.067001,0.176601,1.112200
1077.000000,0.032609,0.029429,0.035314,-0.223520,-0.200004,0.941100
1078.000000,0.035828,0.012262,0.300245,-0.006102,0.085805,1.069300
1079.000000,0.034791,0.096384,0.204823,0.012027,0.162630,0.727200
1080.000000,0.031294,-0.017486,0.011675,-0.180858,-0.122509,0.705800
1081.000000,0.027160,0.005984,0.065799,-0.119630,0.029893,0.663100
1082.000000,0.022554,-0.001445,0.083671,-0.202617,-0.078806,1.029900
1083.000000,0.044324,-0.094359,-0.070777,-0.408815,-0.275170,1.447500
1084.000000,0.021511,-0.033265,0.049912,-0.108134,0.024956,0.528800
1085.000000,0.023921,-0.033100,0.057962,-0.082764,-0.066229,0.473200
1086.000000,0.057681,0.041953,0.260065,-0.067088,0.033574,1.085500
1087.000000,0.048137,0.016675,0.300003,-0.074993,0.191659,1.252600
1088.000000,0.025877,-0.024075,-0.008015,-0.128419,-0.032090,0.445400
1089.000000,0.040763,-0.024230,0.266535,-0.032327,0.218074,1.029900
1090.000000,0.030469,-0.030948,0.077411,-0.077383,0.000000,0.556700
1091.000000,0.028238,-0.061923,0.007758,-0.123819,-0.100601,0.473200
1092.000000,0.015572,-0.063195,0.078972,-0.063195,-0.031612,0.501000
1093.000000,0.016435,0.031813,0.111288,-0.007939,0.047691,0.417500
1094.000000,0.015523,0.015756,0.062996,-0.039348,-0.007864,0.361800
1095.000000,0.022546,0.000000,0.094629,-0.078876,0.007876,0.612400
1096.000000,0.026811,0.015756,0.055132,-0.244092,-0.212580,1.057800
1097.000000,0.022810,-0.008243,0.164469,-0.065793,0.074006,0.779400
1098.000000,0.018083,0.000000,0.040525,-0.081049,0.024309,0.417600
1099.000000,0.072755,0.088711,0.499994,0.040329,0.379037,1.725800
1100.000000,0.062087,-0.052487,0.089947,-0.127434,0.022487,0.807200
1101.000000,0.054201,0.111930,0.253727,-0.007453,0.044772,0.974200
1102.000000,0.036134,0.022187,0.088750,-0.177526,-0.133124,1.002100
1103.000000,0.023600,-0.053205,-0.007616,-0.129204,-0.060794,0.473300
1104.000000,0.029637,0.023075,0.084617,-0.100009,-0.076935,0.668100
1105.000000,0.037020,0.171879,0.382826,0.070306,0.117177,1.364000
1106.000000,0.032509,-0.045798,0.106898,-0.167915,-0.114494,1.002100
1107.000000,0.048212,0.156246,0.335955,0.000000,0.015633,1.197000
1108.000000,0.034127,-0.124618,0.038947,-0.233652,-0.163565,0.974300
1109.000000,0.047769,0.040264,0.370386,-0.048305,0.273748,1.447500
1110.000000,0.029037,-0.022899,0.030550,-0.152668,-0.106870,0.668100
1111.000000,0.018567,-0.023399,0.062406,-0.101386,-0.046798,0.584500
1112.000000,0.072244,0.031512,0.503940,0.023620,0.503940,1.781500
1113.000000,0.119672,0.085855,0.500714,0.042915,0.443486,1.948500
1114.000000,0.088729,-0.072275,0.249681,-0.072275,0.111717,1.364000
1115.000000,0.049681,0.044975,0.051394,-0.167111,-0.064277,0.946400
1116.000000,0.043570,0.019530,0.097648,-0.071616,0.013027,0.723700
1117.000000,0.042011,-0.045466,-0.006508,-0.194811,-0.168847,0.835100
1118.000000,0.027349,0.094086,0.107534,-0.141117,-0.094086,1.029900
1119.000000,0.034773,0.013706,0.047957,-0.219167,-0.178075,1.085600
1120.000000,0.022241,0.063915,0.099432,-0.035517,0.014212,0.528900
1121.000000,0.021738,0.014146,0.056661,-0.113321,-0.042489,0.668100
1122.000000,0.038541,0.128560,0.321425,0.078573,0.135693,1.252600
1123.000000,0.036385,0.076497,0.500702,-0.013890,0.500702,2.059800
1124.000000,0.070709,0.088495,0.297096,0.012649,0.221250,1.308300
1125.000000,0.053951,-0.024225,0.090791,-0.157400,0.048429,1.141300
1126.000000,0.038159,-0.047964,0.035968,-0.161877,-0.071957,0.918600
1127.000000,0.026112,0.018247,0.091255,-0.048665,0.024343,0.640300
1128.000000,0.045609,0.078678,0.266327,-0.084745,0.000000,1.614400
1129.000000,0.047939,-0.157400,0.012091,-0.393478,-0.018158,1.865000
1130.000000,0.045819,0.072897,0.243006,-0.121525,-0.109368,1.670200
1131.000000,0.027844,-0.018632,0.006226,-0.167687,-0.111791,0.779400
1132.000000,0.031648,0.082577,0.082577,-0.273203,-0.235087,1.558800
1133.000000,0.018628,-0.013316,0.086675,-0.046655,0.033338,0.556700
1134.000000,0.028899,-0.033118,0.271531,-0.099329,0.178816,1.558800
1135.000000,0.018523,0.000000,0.000000,-0.179028,-0.057540,0.779400
1136.000000,0.024733,-0.064693,-0.038806,-0.219918,-0.129362,0.946400
1137.000000,0.040368,-0.019942,-0.006655,-0.365212,-0.338662,1.531000
1138.000000,0.031786,0.000000,0.078349,-0.163812,-0.113942,0.946400
1139.000000,0.029024,0.043728,0.313400,-0.029169,0.218639,1.308300
1140.000000,0.019004,0.013974,0.055869,-0.097765,-0.013949,0.612400
1141.000000,0.021215,0.056001,0.126039,0.000000,0.098039,0.501000
1142.000000,0.019094,-0.006884,0.000000,-0.137383,-0.103037,0.556800
1143.000000,0.035062,0.091173,0.497912,0.063108,0.497912,1.976400
1144.000000,0.053962,0.102024,0.108416,-0.242356,-0.159440,1.531000
1145.000000,0.032427,0.072465,0.072465,-0.204213,-0.164691,1.169100
1146.000000,0.023255,-0.027262,0.143039,-0.095367,0.061302,0.974200
1147.000000,0.014068,-0.047118,0.006721,-0.127865,-0.020187,0.556700
1148.000000,0.046496,0.202709,0.385125,0.074326,0.263514,1.586600
1149.000000,0.030250,0.006410,0.006410,-0.141209,-0.089858,0.640200
1150.000000,0.021891,0.032685,0.065346,-0.071897,-0.006528,0.584500
1151.000000,0.019051,-0.032727,0.065431,-0.078550,0.032704,0.612400
1152.000000,0.026602,-0.019504,0.175561,-0.058512,0.065029,1.002100
1153.000000,0.023588,0.019254,0.083448,-0.121956,-0.044941,0.890800
1154.000000,0.016564,-0.019428,0.058308,-0.038857,-0.012937,0.417600
1155.000000,0.029519,-0.038958,0.006485,-0.246762,-0.246762,1.085600
1156.000000,0.013232,0.006822,0.047826,-0.047802,-0.013668,0.389700
1157.000000,0.013071,0.000000,0.116436,-0.020546,0.102755,0.556700
1158.000000,0.014658,0.000000,0.093959,-0.060421,0.000000,0.640300
1159.000000,0.012417,-0.033562,0.114092,-0.033562,0.093959,0.612400
1160.000000,0.019442,0.000000,0.158089,-0.026364,0.092226,0.779400
1161.000000,0.035865,-0.006483,0.226378,-0.025886,0.213458,1.085600
1162.000000,0.017815,-0.006218,0.031000,-0.117870,-0.080653,0.668000
1163.000000,0.020710,-0.044147,0.163927,-0.050444,0.050444,0.946400
1164.000000,0.013343,-0.031216,0.068665,-0.062431,-0.056175,0.584600
1165.000000,0.025901,0.006305,0.258822,-0.012633,0.050485,1.196900
1166.000000,0.027971,-0.006242,0.231267,-0.074993,0.193748,1.364000
1167.000000,0.025371,-0.060156,-0.030067,-0.186521,-0.096254,0.862900
1168.000000,0.020098,-0.055210,0.128823,-0.098165,0.116569,1.029900
1169.000000,0.029569,-0.047964,-0.041977,-0.383694,-0.131897,1.781500
1170.000000,0.020315,0.036942,0.098506,-0.067735,-0.049264,0.751500
1171.000000,0.018553,0.006211,0.087064,-0.062198,0.037310,0.668100
1172.000000,0.056324,-0.006165,0.500000,-0.061738,0.222225,2.533100
1173.000000,0.033370,-0.005903,0.135929,-0.059111,0.094568,0.918600
1174.000000,0.054756,0.005793,0.498823,-0.034820,0.324824,2.560900
1175.000000,0.031611,0.005440,0.038116,-0.136166,-0.043576,0.890700
1176.000000,0.027540,-0.038471,0.005487,-0.159353,-0.027477,0.835100
1177.000000,0.020654,-0.071830,0.027628,-0.198897,-0.038684,1.141300
1178.000000,0.024239,-0.011122,0.244994,-0.011122,0.217150,1.280400
1179.000000,0.031314,-0.037344,0.112069,-0.394869,-0.224119,2.644400
1180.000000,0.021878,0.044696,0.212299,-0.027917,0.167603,1.196900
1181.000000,0.023608,0.027031,0.086492,-0.118921,0.021633,1.057800
1182.000000,0.023887,0.005375,0.134554,-0.037684,0.096870,0.890800
1183.000000,0.027507,0.015838,0.026403,-0.258720,-0.089756,1.503200
1184.000000,0.021213,-0.080638,0.026886,-0.225806,-0.053772,1.308300
1185.000000,0.040217,0.163049,0.233708,-0.097818,0.141318,1.698000
1186.000000,0.030082,-0.021152,0.110984,-0.195574,0.052843,1.614500
1187.000000,0.039255,0.000000,0.428883,-0.120289,0.313818,2.922800
1188.000000,0.037279,-0.024610,0.437994,-0.068897,0.319877,2.867100
1189.000000,0.028518,0.032386,0.078629,-0.129509,0.064755,1.252600
1190.000000,0.032956,-0.031955,-0.031955,-0.438350,-0.301376,2.672200
1191.000000,0.030143,-0.106885,0.422756,-0.126331,0.286702,3.145500
1192.000000,0.033960,0.036750,0.500918,0.036750,0.441170,3.034100
1193.000000,0.018999,-0.059121,0.033786,-0.139361,-0.067572,1.141300
1194.000000,0.024803,0.000000,0.256857,-0.025683,0.077063,1.837200
1195.000000,0.029485,-0.054811,0.236087,-0.088540,0.185486,2.143400
1196.000000,0.022599,-0.028448,0.060985,-0.126015,0.000000,1.280500
1197.000000,0.031752,0.024388,0.109761,-0.284552,-0.243896,2.700100
1198.000000,0.036207,0.004268,0.376060,0.004268,0.175219,2.449500
1199.000000,0.023734,0.074312,0.181657,-0.202319,0.107345,2.588700
1200.000000,0.028902,-0.080838,0.222316,-0.181890,-0.153603,2.783600
1201.000000,0.035252,-0.033363,0.062562,-0.429527,-0.316928,3.284700
1202.000000,0.022049,0.097954,0.231529,0.008909,0.142468,1.447500
1203.000000,0.017712,0.043297,0.064945,-0.194804,0.000000,1.670200
1204.000000,0.016175,0.008662,0.138537,-0.125535,-0.090901,1.698000
1205.000000,0.019340,-0.119053,0.008823,-0.198411,-0.171958,1.308300
1206.000000,0.018013,0.031972,0.155248,-0.164385,-0.164385,1.948500
1207.000000,0.015154,0.075548,0.311621,0.014163,0.155811,1.837200
1208.000000,0.017864,0.059529,0.325085,-0.105307,0.210615,2.616500
1209.000000,0.015244,0.043943,0.241657,0.043943,0.109843,1.531000
1210.000000,0.027557,0.159083,0.498718,0.042999,0.498718,3.229000
1211.000000,0.025513,0.058634,0.129010,-0.242374,-0.039099,2.644400
1212.000000,0.029001,0.122142,0.500402,0.122142,0.338853,3.535200
1213.000000,0.034756,-0.014754,0.391145,-0.066415,0.332100,3.451600
1214.000000,0.038069,-0.093417,-0.006912,-0.429061,-0.332176,3.451600
1215.000000,0.022200,0.040772,0.070425,-0.207560,-0.007417,2.087700
1216.000000,0.015281,-0.159609,0.014855,-0.244981,-0.155902,1.948500
1217.000000,0.015594,0.114946,0.237545,0.065133,0.149426,1.725800
1218.000000,0.014252,0.014889,0.133930,-0.089278,-0.066958,1.670100
1219.000000,0.017379,0.018843,0.124437,-0.199849,-0.098049,2.393900
1220.000000,0.013013,-0.038454,-0.026916,-0.215384,-0.092300,1.558800
1221.000000,0.011081,-0.050945,0.109717,-0.121472,0.027422,1.642300
1222.000000,0.017110,0.007798,0.245525,-0.202642,-0.175369,3.201100
1223.000000,0.017140,-0.072692,0.169628,-0.226171,0.008082,2.727900
1224.000000,0.012413,0.108876,0.233874,-0.012096,0.040329,1.698000
1225.000000,0.016354,0.015994,0.391998,-0.016008,0.271995,2.839300
1226.000000,0.027963,0.178303,0.405914,-0.011380,0.375563,3.061900
1227.000000,0.019074,-0.144663,0.098800,-0.162309,0.070570,2.059800
1228.000000,0.011765,-0.086988,0.041762,-0.156575,-0.038263,1.586700
1229.000000,0.014484,-0.038570,0.066610,-0.136746,-0.077140,1.614400
1230.000000,0.023500,-0.014252,0.420224,-0.017809,0.377493,3.423800
1231.000000,0.022540,-0.052983,-0.052983,-0.400670,-0.360927,3.368200
1232.000000,0.020110,-0.003577,0.353313,-0.042836,0.342607,3.089800
1233.000000,0.013648,-0.010019,0.100204,-0.207078,-0.156983,2.560900
1234.000000,0.023023,-0.068964,-0.034476,-0.500001,-0.500001,4.036200
1235.000000,0.036440,0.019160,0.019160,-0.498077,-0.264372,3.757800
1236.000000,0.012698,0.016190,0.153728,-0.060674,0.072824,1.475300
1237.000000,0.013986,0.047843,0.199363,-0.111642,-0.003982,2.171200
1238.000000,0.016489,-0.019955,0.259373,-0.179582,0.239418,3.062000
1239.000000,0.011721,-0.045693,0.045693,-0.159939,-0.102823,1.503100
1240.000000,0.007645,0.046666,0.089435,-0.101084,-0.050535,1.364000
1241.000000,0.012994,0.223875,0.314209,0.066770,0.137463,2.226800
1242.000000,0.016170,-0.049685,0.405200,-0.049685,0.351683,3.312400
1243.000000,0.015410,0.050000,0.125006,-0.035707,-0.014280,1.252600
1244.000000,0.020028,0.032232,0.035809,-0.386824,-0.315192,3.284600
1245.000000,0.015336,-0.042050,0.057348,-0.187302,0.019116,1.781500
1246.000000,0.007907,-0.034270,0.000000,-0.190405,-0.148515,1.391800
1247.000000,0.013591,-0.054945,0.062798,-0.290417,-0.219780,2.505200
1248.000000,0.007350,0.057471,0.114942,0.000000,0.057471,0.779400
1249.000000,0.005332,0.008121,0.235393,-0.129864,-0.056818,2.505200
1250.000000,0.010804,0.036943,0.201156,-0.004100,0.164199,1.391800
1251.000000,0.011654,0.007953,0.250404,-0.083459,0.218606,2.338200
1252.000000,0.016190,-0.003803,0.178982,-0.041890,0.076159,1.614500
1253.000000,0.024683,0.082522,0.446367,-0.011252,0.412612,3.396000
1254.000000,0.019617,0.024249,0.221761,-0.110887,0.131662,2.672300
1255.000000,0.014817,0.054021,0.091159,-0.040510,0.043893,1.085600
1256.000000,0.016247,-0.003354,0.281124,-0.020079,0.153943,2.505200
1257.000000,0.016230,0.019479,0.087666,-0.185060,-0.048697,2.338200
1258.000000,0.014606,0.049176,0.268848,0.019670,0.229507,2.282500
1259.000000,0.009165,-0.034483,0.015676,-0.115985,-0.021938,1.169100
1260.000000,0.014210,0.031480,0.138530,-0.018901,-0.015745,1.391800
1261.000000,0.012000,0.053695,0.082119,-0.060015,-0.003166,1.252600
1262.000000,0.012864,-0.015794,0.097976,-0.104289,-0.069534,1.781400
1263.000000,0.011371,-0.025631,0.083341,-0.092944,0.006414,1.531000
1264.000000,0.010766,0.012811,0.035212,-0.150450,-0.089628,1.614500
1265.000000,0.009393,0.000000,0.048899,-0.146674,-0.039110,1.670200
1266.000000,0.009922,-0.072275,-0.006574,-0.170832,-0.095277,1.447500
1267.000000,0.010120,0.040196,0.234439,0.033495,0.144013,1.948600
1268.000000,0.014750,0.029294,0.078118,-0.221350,-0.097659,2.560800
1269.000000,0.011978,-0.009959,0.172647,-0.073043,0.149401,2.059900
1270.000000,0.009351,-0.003220,0.083825,-0.148286,0.016121,2.004200
1271.000000,0.012874,-0.025709,0.257074,-0.099613,0.054626,3.089800
1272.000000,0.018164,0.000000,0.066757,-0.454543,-0.168468,4.565100
1273.000000,0.014029,0.078952,0.263162,-0.088820,0.111840,2.978500
1274.000000,0.009189,-0.006427,0.144786,-0.096517,0.122270,2.087600
1275.000000,0.007830,-0.006285,0.047106,-0.084803,-0.069097,1.169100
1276.000000,0.006239,-0.041405,0.031852,-0.063692,-0.038213,0.835100
1277.000000,0.005952,0.003205,0.096280,-0.057773,-0.025675,1.336200
1278.000000,0.009201,-0.080646,0.048383,-0.193554,-0.041939,2.087700
1279.000000,0.008932,-0.055302,0.003261,-0.169154,-0.035785,1.475300
1280.000000,0.007185,0.039327,0.078642,-0.052416,-0.029486,1.113400
1281.000000,0.014712,-0.042852,0.339487,-0.056031,0.273570,3.340300
1282.000000,0.027310,-0.015627,0.000000,-0.499997,-0.343757,4.453700
1283.000000,0.012295,-0.020132,0.016781,-0.218118,-0.117443,1.948500
1284.000000,0.012989,-0.020617,0.075603,-0.254302,-0.134021,2.672300
1285.000000,0.006341,0.003527,0.035316,-0.074159,0.017658,0.863000
1286.000000,0.015380,0.000000,0.014069,-0.285010,-0.197044,2.366000
1287.000000,0.014622,0.032964,0.146516,-0.010988,0.124540,1.196900
1288.000000,0.006101,-0.035745,0.025011,-0.100071,-0.089350,0.974200
1289.000000,0.008506,0.029114,0.043664,-0.240179,-0.225616,2.171200
1290.000000,0.007047,-0.022864,0.217220,-0.022864,0.137197,1.753600
1291.000000,0.012226,0.051929,0.344951,0.007409,0.315276,2.588700
1292.000000,0.008243,-0.045364,0.045364,-0.122127,-0.108163,1.336200
1293.000000,0.006304,-0.024971,0.057065,-0.049929,0.010698,0.835100
1294.000000,0.005546,-0.003554,0.056943,-0.049822,-0.032026,0.835100
1295.000000,0.004863,0.003577,0.028655,-0.093132,-0.078798,0.946500
1296.000000,0.013279,0.000000,0.425766,-0.018198,0.258364,3.396000
1297.000000,0.017901,0.000000,0.148797,-0.290657,-0.256049,3.535200
1298.000000,0.010023,0.018238,0.200587,-0.109413,0.069295,2.366100
1299.000000,0.005031,0.032371,0.071940,-0.071953,0.068335,1.113500
1300.000000,0.005032,0.014202,0.028391,-0.127739,-0.120651,1.224700
1301.000000,0.005990,0.010908,0.072725,-0.087265,-0.047264,1.224700
1302.000000,0.006451,-0.029370,0.157851,-0.047728,0.110122,1.558800
1303.000000,0.012666,0.154462,0.190374,-0.089800,0.053887,2.171200
1304.000000,0.016993,0.081731,0.358917,-0.014222,0.255853,2.922800
1305.000000,0.013353,0.054094,0.067624,-0.270446,-0.243399,2.783600
1306.000000,0.007964,-0.024882,-0.003562,-0.156364,-0.035542,1.224800
1307.000000,0.011685,0.000000,0.035796,-0.168220,-0.146747,1.586700
1308.000000,0.008088,0.007378,0.062697,-0.132732,0.014757,1.475300
1309.000000,0.007840,0.011028,0.036757,-0.110298,-0.102941,1.113400
1310.000000,0.012161,-0.026283,0.011260,-0.262762,-0.056315,2.032000
1311.000000,0.006811,0.105606,0.144287,-0.041367,-0.041367,1.361200
1312.000000,0.006332,-0.062410,-0.023407,-0.128712,-0.078006,0.935900
1313.000000,0.009863,0.000000,0.015843,-0.182248,-0.047542,1.417900
1314.000000,0.007993,0.000000,0.199992,-0.032004,0.115998,1.644800
1315.000000,0.007640,0.000000,0.082090,-0.046910,0.066458,0.935800
1316.000000,0.007366,-0.038581,0.000000,-0.138885,-0.127322,1.020900
1317.000000,0.012874,-0.007915,0.000000,-0.443387,-0.277113,3.176200
1318.000000,0.009865,0.000000,0.201168,-0.020956,0.025153,1.503000
1319.000000,0.010104,0.020851,0.175134,-0.258554,0.125093,2.949300
1320.000000,0.009524,0.085444,0.268511,0.085444,0.199350,1.871700
1321.000000,0.007137,0.000000,0.093894,-0.093894,0.046947,1.361200
1322.000000,0.009531,0.000000,0.127914,-0.139531,0.050392,1.956800
1323.000000,0.009934,0.034531,0.203372,0.003843,0.130467,1.503000
1324.000000,0.006497,0.022444,0.056098,-0.112195,-0.097228,1.276200
1325.000000,0.005604,0.000000,0.034321,-0.087725,-0.049585,0.907500
1326.000000,0.004305,0.011559,0.026963,-0.084746,0.011559,0.822400
1327.000000,0.006189,-0.026901,0.092234,-0.046117,0.069182,1.020900
1328.000000,0.006398,-0.011375,0.087179,-0.072034,0.068225,1.191100
1329.000000,0.006473,0.014967,0.059843,-0.048621,0.037398,0.822500
1330.000000,0.003809,0.018560,0.040838,-0.063103,-0.048260,0.794100
1331.000000,0.004381,-0.011234,0.067471,-0.067458,-0.003740,1.020900
1332.000000,0.007588,0.030011,0.082521,-0.112532,0.026255,1.474700
1333.000000,0.007020,-0.037315,0.119404,-0.130601,-0.093287,1.900100
1334.000000,0.010396,-0.034216,0.171108,-0.247143,0.133084,3.119500
1335.000000,0.009937,0.022215,0.037038,-0.240748,-0.114811,2.127000
1336.000000,0.014560,0.003783,0.322210,-0.026547,0.257768,2.609100
1337.000000,0.017377,-0.010818,0.273973,-0.090125,0.234313,2.864300
1338.000000,0.009779,0.000000,0.044770,-0.065424,0.024103,0.907500
1339.000000,0.011380,-0.027407,0.209047,-0.065110,0.126801,2.268700
1340.000000,0.009658,-0.046788,0.086906,-0.120318,-0.006682,1.758300
1341.000000,0.006808,0.000000,0.013383,-0.113787,-0.023425,1.077600
1342.000000,0.010039,0.000000,0.144581,-0.080697,0.010090,1.900000
1343.000000,0.006621,-0.026849,0.013418,-0.137593,-0.060407,1.276200
1344.000000,0.009249,-0.016984,0.033968,-0.163039,0.006791,1.644800
1345.000000,0.009715,-0.003385,0.189958,-0.101767,0.156036,2.438900
1346.000000,0.006883,-0.003283,-0.003283,-0.177633,-0.098676,1.531400
1347.000000,0.007152,0.003349,0.073825,-0.134232,0.057046,1.758300
1348.000000,0.015419,-0.003323,0.338417,-0.023223,0.308560,3.091100
1349.000000,0.009714,0.000000,0.031251,-0.184376,-0.153125,1.956800
1350.000000,0.007179,-0.045140,0.093486,-0.099943,0.000000,1.701600
1351.000000,0.010657,0.054803,0.238547,-0.035467,-0.019348,2.410500
1352.000000,0.008817,0.000000,0.174758,-0.122972,0.152106,2.609000
1353.000000,0.007532,0.000000,0.009425,-0.276382,-0.257544,2.580700
1354.000000,0.008548,-0.013241,0.059607,-0.218543,-0.142379,2.382200
1355.000000,0.006517,0.000000,0.129511,-0.160194,-0.136337,2.410500
1356.000000,0.004970,0.000000,0.073588,-0.206729,-0.129644,2.268800
1357.000000,0.006678,-0.089918,0.244615,-0.100713,0.158274,2.722500
1358.000000,0.003960,0.059287,0.073229,-0.083680,-0.073217,1.276200
1359.000000,0.008750,0.014150,0.077849,-0.184009,-0.152153,2.098600
1360.000000,0.005297,0.007297,0.091231,-0.164239,-0.105838,1.985100
1361.000000,0.007234,0.041008,0.041008,-0.171524,-0.141692,1.616500
1362.000000,0.006176,-0.049889,0.030702,-0.230232,-0.211045,1.928400
1363.000000,0.004366,0.048076,0.108174,0.032041,0.096151,0.765700
1364.000000,0.005146,0.098273,0.169019,0.015718,0.102196,1.219400
1365.000000,0.005122,0.003858,0.023119,-0.123268,-0.100149,1.077700
1366.000000,0.003867,0.000000,0.003923,-0.172956,-0.086478,1.276100
1367.000000,0.003596,0.015995,0.035995,-0.115998,-0.012003,1.077600
1368.000000,0.004831,-0.004015,0.224538,-0.032081,0.180439,1.815000
1369.000000,0.007088,-0.003876,0.112227,-0.046452,0.089001,1.162800
1370.000000,0.005469,0.041832,0.041832,-0.125469,0.022820,1.247800
1371.000000,0.005037,0.022703,0.022703,-0.090838,-0.011358,0.850700
1372.000000,0.005214,0.007585,0.045522,-0.041737,0.011384,0.652300
1373.000000,0.006767,0.030270,0.174108,0.003777,0.174108,1.304500
1374.000000,0.010550,-0.036578,-0.036578,-0.336498,-0.332848,2.609000
1375.000000,0.010312,0.070538,0.129317,-0.113634,0.117559,1.758300
1376.000000,0.007954,0.084227,0.091881,-0.076572,-0.068918,1.247800
1377.000000,0.005511,0.003888,0.046583,-0.116463,0.046583,1.191100
1378.000000,0.005947,-0.026921,-0.019231,-0.223073,-0.219222,1.644800
1379.000000,0.006882,0.008042,0.072396,-0.132750,-0.032184,1.446300
1380.000000,0.009696,0.020244,0.287450,0.000000,0.279355,2.013500
1381.000000,0.011380,0.000000,0.130367,-0.076689,0.057517,1.531400
1382.000000,0.005350,-0.041705,-0.041705,-0.170589,-0.147852,1.276200
1383.000000,0.005956,0.000000,0.019532,-0.093748,-0.039050,0.822400
1384.000000,0.004799,0.011800,0.023614,-0.106300,-0.047257,0.935800
1385.000000,0.005623,-0.023840,0.119241,-0.023840,0.063601,1.020900
1386.000000,0.005492,0.000000,0.000000,-0.145214,-0.098119,1.049300
1387.000000,0.003924,-0.032029,0.052046,-0.052046,-0.012013,0.737400
1388.000000,0.006489,-0.024069,0.160519,-0.024069,0.108347,1.304500
1389.000000,0.014960,0.058918,0.341721,0.051065,0.310295,2.467300
1390.000000,0.008563,0.011098,0.062869,-0.136836,-0.022195,1.531400
1391.000000,0.006166,-0.007427,0.100298,-0.055709,0.007440,1.191000
1392.000000,0.010892,-0.003715,0.267055,-0.003715,0.259639,2.070200
1393.000000,0.007090,-0.042312,0.035262,-0.095205,-0.021162,1.049300
1394.000000,0.006788,-0.024786,0.092076,-0.038946,0.046038,1.049300
1395.000000,0.010724,0.003514,0.207019,0.000000,0.171930,1.673200
1396.000000,0.008008,0.006782,0.125510,-0.091588,-0.050884,1.815000
1397.000000,0.006248,-0.027407,0.037703,-0.137073,-0.065110,1.446300
1398.000000,0.004630,0.017362,0.027781,-0.076389,-0.020839,0.850800
1399.000000,0.006437,0.000000,0.006984,-0.146434,-0.073217,1.247800
1400.000000,0.007887,-0.095542,-0.049537,-0.219396,-0.173390,1.758300
1401.000000,0.015132,0.095303,0.183290,-0.230935,-0.208948,3.204600
1402.000000,0.008645,-0.038243,0.061216,-0.091811,-0.053554,1.134400
1403.000000,0.007087,0.011604,0.027067,-0.100536,-0.019336,0.935800
1404.000000,0.006346,0.023298,0.151397,0.007761,0.038821,1.106000
1405.000000,0.012714,0.015403,0.331281,0.015403,0.100149,2.438900
1406.000000,0.014871,0.052880,0.305893,0.022665,0.120847,2.297100
1407.000000,0.009453,0.000000,0.070069,-0.095866,0.029502,1.276200
1408.000000,0.019233,0.120974,0.406897,0.062316,0.124632,3.147900
1409.000000,0.029984,0.025034,0.361234,-0.060801,0.361234,3.346400
1410.000000,0.026010,0.120077,0.123417,-0.333554,-0.166783,3.885200
1411.000000,0.016465,-0.096612,0.089725,-0.124220,-0.075914,1.758300
1412.000000,0.014326,-0.052560,-0.028022,-0.199711,-0.185700,1.616400
1413.000000,0.009580,-0.007276,0.112805,-0.065507,0.061863,1.389600
1414.000000,0.007744,-0.010786,0.017973,-0.107840,-0.025160,0.992600
1415.000000,0.009534,0.014446,0.231216,0.000000,0.046969,1.815000
1416.000000,0.007515,-0.035792,0.028624,-0.125272,0.007156,1.219400
1417.000000,0.007600,0.000000,0.035741,-0.114368,-0.107223,1.191100
1418.000000,0.006308,-0.029222,0.010960,-0.087653,-0.080351,0.765700
1419.000000,0.008087,0.003717,0.077946,-0.092802,0.066820,1.304500
1420.000000,0.005570,-0.051291,0.003655,-0.128209,-0.087910,1.020900
1421.000000,0.007346,0.018630,0.123036,-0.067119,0.115581,1.446300
1422.000000,0.009622,-0.007286,0.145764,-0.083824,0.098397,1.786600
1423.000000,0.008035,0.000000,0.000000,-0.160834,-0.107223,1.276200
1424.000000,0.006154,0.018262,0.127835,-0.032867,-0.003658,1.247800
1425.000000,0.005545,0.036551,0.058487,-0.040198,0.007320,0.765700
1426.000000,0.009056,-0.021904,0.051091,-0.211688,-0.164239,2.041900
1427.000000,0.003534,-0.018869,0.064150,-0.071695,0.049061,1.020900
1428.000000,0.004648,0.000000,0.029886,-0.082212,-0.082212,0.850700
1429.000000,0.008191,-0.022802,0.186171,-0.132983,0.170965,2.382200
1430.000000,0.006578,-0.014690,0.121241,-0.069799,-0.066120,1.474700
1431.000000,0.004982,0.007444,0.081906,-0.055847,-0.040960,1.049300
1432.000000,0.009643,0.015023,0.217714,0.015023,0.112616,1.644800
1433.000000,0.005970,-0.011016,-0.011016,-0.139508,-0.135831,1.077700
1434.000000,0.004758,-0.015089,0.056606,-0.067929,-0.015089,0.935900
1435.000000,0.005414,-0.003790,0.000000,-0.083270,-0.053000,0.623900
1436.000000,0.003724,-0.022946,0.057385,-0.042074,0.019128,0.737300
1437.000000,0.005994,-0.007620,0.038111,-0.114320,-0.095264,1.134300
1438.000000,0.008026,0.007768,0.023303,-0.225340,-0.178721,1.815000
1439.000000,0.003187,0.000000,0.028215,-0.036257,-0.004021,0.453800
1440.000000,0.004517,0.008062,0.032262,-0.161295,-0.137095,1.361300
1441.000000,0.005915,0.000000,0.037309,-0.153401,-0.062191,1.304500
1442.000000,0.006107,0.000000,0.121744,-0.041983,0.020991,1.106000
1443.000000,0.004825,0.058524,0.179760,0.004172,0.142139,1.219400
1444.000000,0.004168,0.052850,0.138210,0.008127,0.032524,0.964200
1445.000000,0.003393,0.000000,0.068658,-0.060583,0.024225,0.907500
1446.000000,0.004195,0.036183,0.060291,-0.008036,0.020097,0.482100
1447.000000,0.002912,-0.016008,0.028020,-0.056041,-0.012013,0.595500
1448.000000,0.004526,0.020065,0.020065,-0.160505,-0.124394,1.276100
1449.000000,0.002996,0.000000,0.032926,-0.078186,-0.065837,0.765700
1450.000000,0.002711,0.004161,0.041703,-0.058393,-0.008352,0.680700
1451.000000,0.004074,0.033421,0.171273,-0.025055,0.150387,1.332900
1452.000000,0.002890,-0.016230,0.004047,-0.101382,-0.093274,0.737300
1453.000000,0.003255,-0.016524,0.000000,-0.086771,-0.045447,0.595500
1454.000000,0.006406,-0.008352,0.150121,-0.029204,0.125093,1.219500
1455.000000,0.004168,-0.044745,-0.044745,-0.130189,-0.097638,0.907500
1456.000000,0.002956,-0.020748,0.033199,-0.020748,0.033199,0.368700
1457.000000,0.016856,0.049463,0.399830,0.045335,0.222590,2.750800
1458.000000,0.007588,0.000000,0.102599,-0.102613,-0.094709,1.474700
1459.000000,0.006038,-0.004028,0.052283,-0.088495,0.016085,0.992500
1460.000000,0.004586,0.012032,0.052130,-0.060146,0.004015,0.794100
1461.000000,0.005945,-0.024045,0.080117,-0.072120,0.056086,1.077600
1462.000000,0.010320,0.035653,0.174326,0.003954,0.126784,1.247800
1463.000000,0.007939,-0.015465,-0.015465,-0.154564,-0.119793,1.134400
