0.000000,0.589000,0.594314,0.586882,0.584628,0.609067,1.140000
1.000000,0.592122,0.593014,0.588313,0.585780,0.602750,0.480000
2.000000,0.596433,0.591973,0.590004,0.587006,0.606094,0.420000
3.000000,0.600595,0.592605,0.591695,0.588170,0.603865,0.430000
4.000000,0.605574,0.595020,0.593330,0.589112,0.606094,0.370000
5.000000,0.606243,0.597622,0.595912,0.589793,0.612412,0.310000
6.000000,0.613527,0.602824,0.600037,0.591825,0.639168,1.490000
7.000000,0.618655,0.607544,0.602973,0.593695,0.631735,0.560000
8.000000,0.624229,0.612412,0.604738,0.595206,0.631735,0.980000
9.000000,0.630323,0.617949,0.606317,0.596817,0.636566,0.420000
10.000000,0.634188,0.620216,0.607265,0.597993,0.631735,0.770000
11.000000,0.636864,0.625195,0.609104,0.600607,0.652546,0.620000
12.000000,0.648012,0.633333,0.612653,0.604447,0.687477,1.170000
13.000000,0.660052,0.642140,0.617373,0.608510,0.691936,0.790000
14.000000,0.669640,0.649981,0.622501,0.612214,0.684504,0.800000
15.000000,0.680045,0.657116,0.627369,0.616314,0.683761,0.386400
16.000000,0.685396,0.661130,0.631977,0.620401,0.679301,0.700000
17.000000,0.685024,0.666518,0.637031,0.624155,0.685619,0.580000
18.000000,0.683984,0.672018,0.642215,0.627165,0.686734,0.330000
19.000000,0.685247,0.677443,0.647696,0.630026,0.690821,0.499900
20.000000,0.686511,0.683278,0.651747,0.632603,0.690078,0.370000
21.000000,0.689855,0.687625,0.656410,0.635278,0.696024,0.530000
22.000000,0.690970,0.687997,0.660665,0.637768,0.691193,0.450000
23.000000,0.691564,0.687774,0.664957,0.640840,0.689706,0.500000
24.000000,0.690747,0.687997,0.668989,0.644333,0.686734,0.480000
25.000000,0.688963,0.687737,0.672427,0.647492,0.681159,0.370000
26.000000,0.685396,0.687625,0.674378,0.650526,0.678187,0.720000
27.000000,0.684578,0.687774,0.677146,0.653945,0.687105,0.499900
28.000000,0.685024,0.688294,0.680156,0.657575,0.691936,0.320000
29.000000,0.685396,0.688071,0.682757,0.661154,0.688592,0.325000
30.000000,0.685470,0.687217,0.685247,0.663570,0.681531,0.330000
31.000000,0.684281,0.684838,0.686232,0.665886,0.672241,0.570000
32.000000,0.685173,0.684876,0.686436,0.668735,0.691564,0.730000
33.000000,0.682200,0.683612,0.685693,0.671176,0.677072,0.570000
34.000000,0.678632,0.682014,0.685006,0.673331,0.670754,0.750000
35.000000,0.669788,0.677629,0.682683,0.674161,0.637310,1.440000
36.000000,0.665552,0.674916,0.681271,0.674557,0.651059,0.589500
37.000000,0.656559,0.670866,0.679320,0.675053,0.646600,0.500000
38.000000,0.652471,0.667336,0.677815,0.675883,0.656633,0.695000
39.000000,0.646228,0.662430,0.675251,0.675982,0.639539,0.540000
40.000000,0.644742,0.657265,0.672241,0.675920,0.629877,0.390000
41.000000,0.641100,0.653326,0.669082,0.675263,0.632850,0.320000
42.000000,0.640431,0.648495,0.666685,0.673789,0.643255,0.490000
43.000000,0.637161,0.644816,0.664214,0.672067,0.640282,0.220000
44.000000,0.638350,0.642289,0.662152,0.670767,0.645485,0.270000
45.000000,0.642438,0.643590,0.660609,0.669652,0.650316,0.310000
46.000000,0.646005,0.643553,0.659234,0.668698,0.650687,0.250000
47.000000,0.647640,0.644036,0.657451,0.667559,0.651431,0.290000
48.000000,0.650613,0.643887,0.655611,0.666506,0.655147,0.275000
49.000000,0.654181,0.646265,0.654348,0.665589,0.663322,0.440000
50.000000,0.654998,0.648718,0.652991,0.664400,0.654404,0.429900
51.000000,0.654775,0.650390,0.651858,0.662851,0.649573,0.380000
52.000000,0.654627,0.651133,0.649814,0.661501,0.650687,0.410000
53.000000,0.655964,0.653289,0.649052,0.660572,0.661836,0.440000
54.000000,0.655147,0.654664,0.648476,0.659656,0.659234,0.350000
55.000000,0.659383,0.657191,0.650390,0.659470,0.675585,0.490000
56.000000,0.663248,0.659012,0.651282,0.659160,0.668896,0.320000
57.000000,0.666890,0.660758,0.652397,0.658553,0.668896,0.330000
58.000000,0.665626,0.660795,0.652341,0.657339,0.655518,0.490000
59.000000,0.666518,0.660832,0.653549,0.656509,0.663694,0.340000
60.000000,0.663322,0.661353,0.655035,0.655779,0.659606,0.340000
61.000000,0.660424,0.661836,0.656113,0.655184,0.654404,0.510000
62.000000,0.660721,0.663805,0.657469,0.654478,0.670383,0.600000
63.000000,0.667113,0.666369,0.659829,0.654825,0.687477,0.540000
64.000000,0.671126,0.668822,0.661743,0.655258,0.683761,0.450000
65.000000,0.677889,0.670606,0.663898,0.657129,0.693423,0.550000
66.000000,0.687551,0.673987,0.666499,0.658850,0.702713,0.560000
67.000000,0.700669,0.680695,0.670726,0.661830,0.735972,1.090000
68.000000,0.712672,0.689892,0.675344,0.664858,0.747492,0.620000
69.000000,0.730360,0.700743,0.680788,0.669280,0.772204,1.440000
70.000000,0.744036,0.710962,0.686158,0.673678,0.761799,0.365000
71.000000,0.763211,0.725381,0.693608,0.679202,0.798588,1.210000
72.000000,0.770234,0.735452,0.699628,0.683463,0.771089,0.870000
73.000000,0.773170,0.742921,0.704645,0.687526,0.762170,0.619000
74.000000,0.773987,0.752174,0.710498,0.691887,0.776291,0.460000
75.000000,0.775771,0.759903,0.715255,0.695900,0.770717,0.550000
76.000000,0.770197,0.766704,0.720346,0.699901,0.770717,1.019900
77.000000,0.771386,0.770810,0.725753,0.704088,0.777035,0.350000
78.000000,0.779413,0.776291,0.733092,0.708993,0.802304,0.740000
79.000000,0.784987,0.779487,0.740115,0.713688,0.804162,0.620000
80.000000,0.791081,0.783426,0.747194,0.718580,0.801189,0.620000
81.000000,0.798588,0.784392,0.754887,0.723870,0.808250,0.800000
82.000000,0.797696,0.784541,0.759996,0.727933,0.772575,1.300000
83.000000,0.793534,0.786473,0.764697,0.731921,0.781494,0.290000
84.000000,0.791156,0.788071,0.770123,0.736356,0.792271,1.340000
85.000000,0.797845,0.794463,0.777183,0.741657,0.834634,1.200000
86.000000,0.801635,0.800111,0.783408,0.746934,0.827202,0.399000
87.000000,0.806986,0.802341,0.786576,0.751282,0.799331,1.210000
88.000000,0.808398,0.800966,0.788629,0.755717,0.788554,0.500000
89.000000,0.812189,0.801672,0.790580,0.760634,0.811223,0.670000
90.000000,0.805054,0.801449,0.792438,0.765279,0.798959,0.520000
91.000000,0.799405,0.800520,0.792456,0.770098,0.798959,0.240000
92.000000,0.801115,0.804051,0.794296,0.774681,0.807878,0.460000
93.000000,0.806317,0.807358,0.796916,0.778917,0.814567,0.419900
94.000000,0.805648,0.808919,0.798495,0.783055,0.807878,0.400000
95.000000,0.806243,0.805648,0.800056,0.786672,0.801932,0.740000
96.000000,0.804013,0.801709,0.800910,0.789508,0.787811,0.480000
97.000000,0.802378,0.801747,0.802044,0.791633,0.799703,0.840000
98.000000,0.804088,0.805203,0.803084,0.794153,0.823114,1.300000
99.000000,0.808324,0.806986,0.804329,0.796049,0.829060,0.740000
100.000000,0.818878,0.812560,0.807005,0.799145,0.854701,0.870000
101.000000,0.829580,0.816797,0.808658,0.800570,0.841323,0.600000
102.000000,0.841100,0.821739,0.812895,0.803444,0.857302,0.820000
103.000000,0.849350,0.826719,0.817038,0.806850,0.864363,0.615000
104.000000,0.857971,0.833148,0.821033,0.810046,0.872166,0.659900
105.000000,0.865032,0.841955,0.823802,0.814022,0.890004,0.520000
106.000000,0.873504,0.851542,0.826626,0.817788,0.883686,0.820000
107.000000,0.874991,0.858045,0.829896,0.820711,0.864734,1.409900
108.000000,0.877443,0.863397,0.834300,0.823188,0.876626,0.540000
109.000000,0.878261,0.868116,0.837551,0.825591,0.876254,0.460000
110.000000,0.871795,0.868413,0.840487,0.827474,0.857674,0.625000
111.000000,0.868079,0.870792,0.843794,0.829370,0.865106,0.680000
112.000000,0.869491,0.872241,0.846990,0.832677,0.871795,0.540000
113.000000,0.870234,0.873839,0.850279,0.835972,0.880342,0.560000
114.000000,0.878781,0.878521,0.855834,0.840196,0.918989,1.170000
115.000000,0.895281,0.883538,0.862746,0.843714,0.940171,0.770000
116.000000,0.910442,0.889260,0.870401,0.847504,0.940914,0.780000
117.000000,0.922259,0.895875,0.876960,0.851889,0.930881,0.820000
118.000000,0.932367,0.901301,0.882349,0.856633,0.930881,0.990000
119.000000,0.936678,0.907729,0.887923,0.860944,0.940543,1.260000
120.000000,0.933779,0.914530,0.891472,0.865168,0.925678,0.770000
121.000000,0.932962,0.921702,0.896247,0.869763,0.936826,0.470000
122.000000,0.932516,0.927388,0.899814,0.873789,0.928651,0.950000
123.000000,0.931252,0.931810,0.902824,0.877456,0.924563,0.452000
124.000000,0.928874,0.932776,0.905648,0.881481,0.928651,0.460000
125.000000,0.934522,0.934151,0.908844,0.886548,0.953920,1.010000
126.000000,0.937421,0.935191,0.912226,0.891998,0.951319,0.330000
127.000000,0.944928,0.938722,0.917298,0.897547,0.966184,0.540000
128.000000,0.950948,0.941100,0.921200,0.901932,0.954664,0.750000
129.000000,0.960089,0.944482,0.926106,0.906776,0.974359,0.878000
130.000000,0.963880,0.949201,0.931865,0.910715,0.972873,0.550000
131.000000,0.969900,0.953660,0.937681,0.915385,0.981420,0.530000
132.000000,0.970643,0.957785,0.942586,0.919138,0.969900,0.820000
133.000000,0.965292,0.958120,0.944965,0.921256,0.927908,1.340000
134.000000,0.957488,0.958789,0.945782,0.923362,0.935340,1.230000
135.000000,0.945448,0.954664,0.944407,0.924117,0.912672,0.870000
136.000000,0.934077,0.951988,0.943590,0.925480,0.924563,0.500000
137.000000,0.919584,0.945113,0.941918,0.926570,0.897436,0.779900
138.000000,0.911185,0.938239,0.939669,0.926880,0.885916,0.760000
139.000000,0.889744,0.923616,0.934049,0.925276,0.828131,1.685000
140.000000,0.873690,0.909569,0.929385,0.924433,0.832404,0.830000
141.000000,0.857414,0.895745,0.924703,0.923702,0.843181,0.780000
142.000000,0.849758,0.884671,0.921228,0.923281,0.859160,0.760000
143.000000,0.845745,0.878465,0.918292,0.922798,0.865849,0.430000
144.000000,0.854849,0.872297,0.915543,0.921287,0.873653,0.370000
145.000000,0.863768,0.868729,0.911696,0.919181,0.876997,1.060000
146.000000,0.880862,0.869138,0.910563,0.918772,0.928651,1.890000
147.000000,0.895578,0.872668,0.908891,0.918834,0.932739,0.400000
148.000000,0.907172,0.876459,0.907349,0.918599,0.923820,0.462000
149.000000,0.917280,0.886065,0.904840,0.918054,0.924192,0.260000
150.000000,0.926421,0.895095,0.902332,0.917955,0.922705,0.370000
151.000000,0.924712,0.902787,0.899266,0.917397,0.920104,0.462200
152.000000,0.921219,0.908398,0.896535,0.916952,0.915273,0.430000
153.000000,0.916908,0.912040,0.895253,0.916208,0.902267,0.605000
154.000000,0.912746,0.915013,0.893655,0.915366,0.903382,0.380000
155.000000,0.909476,0.917949,0.893339,0.913781,0.906355,0.320000
156.000000,0.904496,0.914604,0.891871,0.911910,0.895206,0.440000
157.000000,0.895875,0.908547,0.890608,0.908776,0.872166,0.840000
158.000000,0.889186,0.903047,0.889753,0.905915,0.868822,0.410000
159.000000,0.881754,0.897250,0.891657,0.902310,0.866221,0.670000
160.000000,0.872687,0.891081,0.893088,0.898582,0.861018,0.539000
161.000000,0.864809,0.884653,0.893720,0.894395,0.855816,0.380000
162.000000,0.861613,0.878744,0.893571,0.890604,0.856187,0.270000
163.000000,0.857599,0.873393,0.892716,0.887966,0.848755,0.360000
164.000000,0.850539,0.866146,0.890580,0.884485,0.830918,0.480000
165.000000,0.843330,0.858008,0.887978,0.881562,0.824972,0.500000
166.000000,0.839242,0.852025,0.883315,0.878589,0.835377,0.470000
167.000000,0.835229,0.848421,0.878484,0.876545,0.836120,0.600000
168.000000,0.834634,0.846117,0.874582,0.875207,0.845782,0.720000
169.000000,0.837755,0.844147,0.870699,0.875821,0.846525,0.340000
170.000000,0.841397,0.842363,0.866722,0.876180,0.843181,0.410000
171.000000,0.844221,0.841732,0.863192,0.876390,0.849498,0.920000
172.000000,0.850390,0.842809,0.860777,0.876651,0.866964,0.720000
173.000000,0.856856,0.845745,0.859569,0.877059,0.878112,0.530000
174.000000,0.860052,0.848904,0.857525,0.876688,0.862505,0.770000
175.000000,0.865255,0.853326,0.855667,0.876428,0.869194,0.510000
176.000000,0.870531,0.857376,0.854701,0.874669,0.875883,0.420000
177.000000,0.876700,0.863545,0.855983,0.873504,0.897808,0.740000
178.000000,0.883612,0.870234,0.858175,0.873133,0.912672,0.440000
179.000000,0.891936,0.875994,0.860071,0.872464,0.904125,0.985000
180.000000,0.892754,0.879004,0.860684,0.870816,0.873281,1.010000
181.000000,0.888815,0.879673,0.860702,0.868686,0.856187,0.810000
182.000000,0.878187,0.877443,0.860126,0.866332,0.844667,0.405000
183.000000,0.868153,0.875883,0.860814,0.865007,0.862505,0.700000
184.000000,0.860944,0.876440,0.862672,0.863830,0.868079,0.330000
185.000000,0.860349,0.876551,0.864939,0.862629,0.870308,0.530000
186.000000,0.866369,0.877592,0.867484,0.862331,0.886288,0.760000
187.000000,0.872910,0.875548,0.869547,0.862505,0.877369,0.700000
188.000000,0.873950,0.871052,0.870643,0.862467,0.867707,0.730000
189.000000,0.871498,0.866221,0.871107,0.862121,0.855816,0.560000
190.000000,0.864437,0.862393,0.870699,0.861254,0.835006,1.100000
191.000000,0.853140,0.859755,0.869714,0.860386,0.829803,0.470000
192.000000,0.841249,0.857079,0.867261,0.859111,0.817912,0.439600
193.000000,0.829431,0.851691,0.863787,0.857773,0.808621,0.760000
194.000000,0.816574,0.844036,0.860238,0.856460,0.791527,0.855800
195.000000,0.811148,0.837793,0.857172,0.855890,0.807878,0.990000
196.000000,0.810479,0.831810,0.854701,0.855593,0.826459,0.510000
197.000000,0.812263,0.826756,0.851152,0.855283,0.826830,0.540000
198.000000,0.814939,0.822185,0.846618,0.854490,0.821999,0.430000
199.000000,0.825344,0.820959,0.843590,0.854391,0.843553,1.130000
200.000000,0.833593,0.822371,0.842382,0.854589,0.849127,0.430000
201.000000,0.836492,0.823486,0.841620,0.854304,0.840951,0.650000
202.000000,0.838201,0.825232,0.841156,0.853252,0.835377,0.540000
203.000000,0.840728,0.827834,0.839762,0.851802,0.834634,0.520000
204.000000,0.839019,0.832181,0.838109,0.850886,0.835006,0.560000
205.000000,0.838870,0.836232,0.837012,0.850192,0.848384,0.720000
206.000000,0.845262,0.840877,0.836343,0.850093,0.872910,1.010000
207.000000,0.857748,0.847975,0.837365,0.850093,0.897808,0.900000
208.000000,0.876329,0.858528,0.840357,0.850588,0.927536,1.180000
209.000000,0.895355,0.867187,0.844073,0.851455,0.930137,0.630000
210.000000,0.911669,0.875269,0.848820,0.853344,0.929952,0.580000
211.000000,0.924080,0.884671,0.854078,0.855971,0.934968,1.280000
212.000000,0.931512,0.894630,0.859931,0.858981,0.934968,0.570000
213.000000,0.936195,0.906262,0.867048,0.861929,0.950948,1.440000
214.000000,0.938722,0.917038,0.874610,0.864418,0.942772,1.940000
215.000000,0.935117,0.923393,0.879812,0.865806,0.911929,1.197000
216.000000,0.938462,0.931271,0.886074,0.867986,0.951691,1.160000
217.000000,0.941955,0.936734,0.892354,0.870488,0.952434,0.520000
218.000000,0.940097,0.938146,0.898337,0.872953,0.941657,0.415000
219.000000,0.940691,0.939706,0.903447,0.875951,0.945745,0.370000
220.000000,0.948718,0.941918,0.908593,0.879853,0.952062,0.450000
221.000000,0.947677,0.943069,0.913870,0.883742,0.946488,0.503000
222.000000,0.947380,0.944667,0.919649,0.888177,0.950948,0.280000
223.000000,0.949833,0.944965,0.925613,0.893020,0.953920,0.720000
224.000000,0.946488,0.943590,0.930314,0.897603,0.929023,1.088000
225.000000,0.944333,0.946525,0.934959,0.902050,0.941286,0.840000
226.000000,0.944184,0.945931,0.938601,0.906026,0.945745,0.500000
227.000000,0.953995,0.950687,0.943711,0.911799,1.000000,1.500000
228.000000,0.961724,0.955779,0.946962,0.917484,0.992568,0.740000
229.000000,0.971535,0.959012,0.949359,0.921968,0.978075,0.769900
230.000000,0.978001,0.961167,0.951542,0.926118,0.973616,0.570000
231.000000,0.977332,0.960758,0.951914,0.929500,0.942401,1.070000
232.000000,0.961204,0.957599,0.951133,0.932299,0.919361,0.850000
233.000000,0.943664,0.952694,0.948829,0.934640,0.904868,0.590000
234.000000,0.927239,0.949387,0.946488,0.936672,0.895949,0.350000
235.000000,0.913415,0.945708,0.946117,0.938542,0.904496,0.590000
236.000000,0.907023,0.942178,0.944054,0.939793,0.910442,0.513800
237.000000,0.904125,0.932664,0.941676,0.940028,0.904868,0.400000
238.000000,0.903753,0.923709,0.939744,0.939211,0.903010,0.270000
239.000000,0.900706,0.913973,0.936492,0.937563,0.880713,0.840000
240.000000,0.896247,0.904831,0.932999,0.935972,0.882200,0.549900
241.000000,0.892977,0.900000,0.930379,0.934609,0.894091,0.670000
242.000000,0.887774,0.895949,0.926774,0.932739,0.878855,0.525000
243.000000,0.883166,0.893460,0.923077,0.930373,0.879970,0.350000
244.000000,0.880565,0.890635,0.920011,0.927871,0.867707,0.530000
245.000000,0.881605,0.888926,0.917317,0.927053,0.887402,0.760000
246.000000,0.883538,0.888257,0.915217,0.925455,0.903753,0.590000
247.000000,0.885247,0.886511,0.909588,0.923288,0.887402,0.710000
248.000000,0.887179,0.885173,0.904441,0.921553,0.889632,0.460000
249.000000,0.892754,0.886659,0.900316,0.919881,0.895578,0.455000
250.000000,0.893720,0.887663,0.896247,0.917887,0.892233,0.440000
251.000000,0.891416,0.887477,0.893738,0.916078,0.892233,0.560000
252.000000,0.891342,0.888294,0.892122,0.913948,0.887031,0.280000
253.000000,0.890152,0.888666,0.891063,0.911607,0.883686,0.577500
254.000000,0.885024,0.888889,0.889762,0.909637,0.869937,0.660000
255.000000,0.880639,0.887179,0.888053,0.907271,0.870308,0.405000
256.000000,0.877295,0.884355,0.886306,0.904930,0.875511,0.481000
257.000000,0.874619,0.882980,0.884745,0.900718,0.873653,0.460000
258.000000,0.869417,0.879784,0.882479,0.896222,0.857674,0.700000
259.000000,0.861018,0.873021,0.879840,0.891218,0.827945,1.080000
260.000000,0.854255,0.867447,0.877555,0.886647,0.836492,0.809200
261.000000,0.846897,0.862096,0.874786,0.883191,0.838722,0.390000
262.000000,0.842661,0.858640,0.873467,0.880961,0.852471,1.010000
263.000000,0.834188,0.851802,0.870234,0.877976,0.815310,1.030000
264.000000,0.837607,0.849313,0.869101,0.876279,0.845039,1.720000
265.000000,0.844296,0.849275,0.868227,0.875127,0.869937,0.910000
266.000000,0.850093,0.848495,0.866425,0.873702,0.867707,0.434000
267.000000,0.853214,0.847938,0.865459,0.872476,0.868079,0.500000
268.000000,0.860349,0.847269,0.863527,0.870742,0.850985,0.770000
269.000000,0.862133,0.849870,0.861446,0.869850,0.853958,0.380000
270.000000,0.859086,0.851691,0.859569,0.868933,0.854701,0.310000
271.000000,0.856960,0.853527,0.857811,0.867700,0.857079,0.330000
272.000000,0.854062,0.853638,0.856139,0.866857,0.853586,0.534000
273.000000,0.848042,0.854195,0.852999,0.864888,0.820884,1.205000
274.000000,0.843136,0.852635,0.850974,0.863612,0.829431,0.640000
275.000000,0.837265,0.848175,0.848725,0.861543,0.825344,0.730000
276.000000,0.834634,0.845797,0.847146,0.859549,0.843924,0.600000
277.000000,0.833148,0.843605,0.845771,0.858174,0.846154,0.530000
278.000000,0.840282,0.844162,0.845715,0.857072,0.856559,0.830000
279.000000,0.847343,0.845240,0.847555,0.856044,0.864734,0.510000
280.000000,0.852546,0.844905,0.848298,0.854681,0.851356,0.580000
281.000000,0.855147,0.844890,0.849208,0.853504,0.856931,0.780000
282.000000,0.853586,0.843367,0.848502,0.851882,0.838350,0.530000
283.000000,0.849647,0.844965,0.849580,0.850321,0.836864,0.704100
284.000000,0.843627,0.845485,0.849060,0.849144,0.834634,0.700000
285.000000,0.841992,0.847269,0.847722,0.848240,0.843181,0.497100
286.000000,0.839836,0.847492,0.846644,0.847261,0.846154,0.690000
287.000000,0.842809,0.848198,0.845901,0.846580,0.853214,0.770000
288.000000,0.870234,0.859941,0.852051,0.850457,0.973987,3.480000
289.000000,0.890152,0.866890,0.856065,0.854000,0.934225,1.530000
290.000000,0.909699,0.875845,0.860375,0.857480,0.940914,0.500000
291.000000,0.927313,0.883575,0.864233,0.860664,0.934225,0.644900
292.000000,0.947232,0.895020,0.869194,0.864008,0.952806,1.190000
293.000000,0.935935,0.903084,0.874025,0.867415,0.917503,1.160000
294.000000,0.931698,0.910925,0.878205,0.869682,0.913043,0.580000
295.000000,0.928725,0.919212,0.883240,0.871552,0.926050,0.610000
296.000000,0.929692,0.928502,0.887997,0.873930,0.939056,0.720000
297.000000,0.924638,0.935935,0.892066,0.875912,0.927536,0.410000
298.000000,0.925381,0.930658,0.895299,0.878253,0.921219,0.480000
299.000000,0.928354,0.930026,0.898458,0.880718,0.927908,1.050000
300.000000,0.926644,0.927685,0.901765,0.882812,0.917503,0.539900
301.000000,0.924415,0.927053,0.905314,0.885173,0.927908,0.660000
302.000000,0.926570,0.925604,0.910312,0.887997,0.938313,0.630000
303.000000,0.930658,0.928019,0.915552,0.892023,0.941657,0.560000
304.000000,0.931661,0.930007,0.920466,0.895473,0.932925,0.430000
305.000000,0.932850,0.929747,0.924480,0.898743,0.923449,0.540000
306.000000,0.933668,0.929041,0.928772,0.901678,0.931996,0.415000
307.000000,0.926533,0.926551,0.931243,0.903561,0.902638,1.400000
308.000000,0.916202,0.923430,0.927044,0.904676,0.890004,0.805000
309.000000,0.903456,0.917559,0.923792,0.904825,0.869194,0.982000
310.000000,0.893274,0.913062,0.920373,0.905531,0.872538,0.450000
311.000000,0.882943,0.908305,0.917679,0.906311,0.880342,0.775000
312.000000,0.881531,0.904032,0.914818,0.908219,0.895578,0.740000
313.000000,0.887551,0.901877,0.914948,0.910993,0.920104,0.720000
314.000000,0.894760,0.899108,0.914558,0.913347,0.905240,0.660000
315.000000,0.898848,0.896061,0.912904,0.915007,0.892977,0.370000
316.000000,0.897213,0.890078,0.909560,0.915874,0.872166,1.020000
317.000000,0.885693,0.883612,0.905082,0.915366,0.837978,1.420000
318.000000,0.871200,0.879376,0.901403,0.911154,0.847640,1.000000
319.000000,0.865255,0.880007,0.898783,0.909197,0.875511,0.820000
320.000000,0.856262,0.877555,0.895308,0.906101,0.848012,1.195000
321.000000,0.848681,0.872947,0.890626,0.902768,0.834262,0.566100
322.000000,0.852694,0.869194,0.886613,0.899610,0.858045,1.550000
323.000000,0.853214,0.862207,0.882042,0.897368,0.850242,0.840000
324.000000,0.848309,0.856782,0.877945,0.895299,0.850985,0.830000
325.000000,0.846451,0.851356,0.873709,0.892388,0.838722,0.640000
326.000000,0.846748,0.847715,0.868896,0.888945,0.835749,0.809900
327.000000,0.842958,0.847826,0.865719,0.885997,0.839093,0.430000
328.000000,0.835452,0.844333,0.861854,0.882380,0.812709,0.738000
329.000000,0.827127,0.837718,0.858863,0.878428,0.809365,0.630000
330.000000,0.819249,0.832850,0.855203,0.874489,0.799331,0.382000
331.000000,0.808696,0.827722,0.850334,0.869658,0.782980,1.339000
332.000000,0.797027,0.819993,0.844593,0.864406,0.780751,0.700000
333.000000,0.792939,0.814195,0.838201,0.859426,0.792271,0.670000
334.000000,0.794426,0.810777,0.833779,0.855556,0.816797,0.832000
335.000000,0.800223,0.809736,0.830546,0.852384,0.828317,0.420000
336.000000,0.808027,0.808361,0.828038,0.848718,0.821999,0.480000
337.000000,0.816351,0.806689,0.827258,0.846042,0.822371,0.420000
338.000000,0.823486,0.808213,0.826273,0.843974,0.827945,0.560000
339.000000,0.819324,0.806875,0.822297,0.841534,0.795987,1.450000
340.000000,0.808919,0.804571,0.818711,0.838325,0.776291,1.160000
341.000000,0.804980,0.806503,0.817113,0.835724,0.802304,0.905000
342.000000,0.799331,0.807841,0.813917,0.832342,0.794129,0.460000
343.000000,0.790264,0.806875,0.810535,0.827759,0.782609,0.600000
344.000000,0.783946,0.801635,0.806206,0.823065,0.764400,1.015000
345.000000,0.789000,0.798959,0.804348,0.820017,0.801561,1.140000
346.000000,0.787551,0.796265,0.802313,0.817447,0.795058,0.580000
347.000000,0.784876,0.792103,0.799396,0.815539,0.780751,0.990000
348.000000,0.785470,0.787867,0.798040,0.813471,0.785582,0.590000
349.000000,0.788740,0.786343,0.796609,0.810312,0.780751,0.580000
350.000000,0.786065,0.787533,0.796052,0.808318,0.788183,0.540000
351.000000,0.785136,0.786343,0.796423,0.806856,0.790412,0.351000
352.000000,0.785136,0.785006,0.796423,0.804280,0.780751,0.420000
353.000000,0.781865,0.783668,0.795271,0.801579,0.769231,0.740000
354.000000,0.780602,0.784671,0.793153,0.799028,0.774433,0.365000
355.000000,0.781197,0.783631,0.791295,0.797442,0.791156,0.550000
356.000000,0.779190,0.782163,0.789214,0.795596,0.780379,0.460000
357.000000,0.782460,0.783798,0.787951,0.794197,0.797101,0.730000
358.000000,0.789892,0.785879,0.786873,0.793986,0.806392,0.570000
359.000000,0.800892,0.790747,0.788545,0.794655,0.829431,1.000000
360.000000,0.811371,0.796284,0.791908,0.796129,0.843553,0.700000
361.000000,0.822371,0.800780,0.793562,0.797876,0.835377,0.750000
362.000000,0.830175,0.806317,0.795661,0.799721,0.836120,0.420000
363.000000,0.832702,0.811297,0.797482,0.800613,0.819026,0.590000
364.000000,0.828614,0.814753,0.799712,0.800353,0.808993,0.490000
365.000000,0.823783,0.817577,0.800604,0.800056,0.819398,0.500000
366.000000,0.821590,0.821981,0.802072,0.800136,0.824415,0.585000
367.000000,0.819509,0.824842,0.804320,0.800248,0.825715,0.470000
368.000000,0.822482,0.827592,0.806735,0.800446,0.833891,0.450000
369.000000,0.827759,0.828187,0.809467,0.801759,0.835377,0.400000
370.000000,0.833185,0.828484,0.812384,0.804100,0.846525,0.600000
371.000000,0.836529,0.829060,0.814920,0.805395,0.841137,0.550000
372.000000,0.840914,0.830212,0.818265,0.807178,0.847640,0.378000
373.000000,0.842401,0.832441,0.821869,0.809135,0.841323,0.560000
374.000000,0.843367,0.835563,0.825158,0.811662,0.840208,0.624000
375.000000,0.840766,0.836975,0.827276,0.812728,0.833519,0.370000
376.000000,0.838201,0.837365,0.829673,0.813836,0.828317,0.650000
377.000000,0.832702,0.836808,0.830825,0.815149,0.820141,0.490000
378.000000,0.831215,0.836808,0.832200,0.816760,0.833891,0.460000
379.000000,0.826756,0.835061,0.831624,0.817998,0.817912,0.520000
380.000000,0.820364,0.830565,0.829524,0.818444,0.801561,0.520000
381.000000,0.813675,0.825938,0.827499,0.818593,0.794872,0.526000
382.000000,0.808993,0.820847,0.825530,0.819125,0.796730,0.805000
383.000000,0.799851,0.815533,0.823987,0.819757,0.788183,0.557000
384.000000,0.793831,0.810294,0.822928,0.820203,0.787811,0.340000
385.000000,0.788703,0.804534,0.820754,0.819695,0.775920,0.526000
386.000000,0.785136,0.799405,0.818385,0.819584,0.777035,0.430000
387.000000,0.777926,0.793460,0.815134,0.818370,0.760684,0.590000
388.000000,0.774656,0.787254,0.812031,0.817218,0.771832,0.490000
389.000000,0.768413,0.781122,0.808092,0.814790,0.756596,0.510000
390.000000,0.766146,0.777425,0.803995,0.812158,0.764586,0.390000
391.000000,0.759903,0.772520,0.799229,0.809173,0.745819,0.680000
392.000000,0.757897,0.767912,0.794379,0.806324,0.750650,0.334000
393.000000,0.753586,0.764121,0.789827,0.804032,0.750279,0.390000
394.000000,0.749944,0.759179,0.784736,0.801678,0.738387,0.700000
395.000000,0.745745,0.755946,0.780240,0.799151,0.743590,0.420000
396.000000,0.742921,0.751412,0.775409,0.796061,0.731698,0.880000
397.000000,0.738387,0.748142,0.770801,0.792803,0.727982,0.315000
398.000000,0.732739,0.743162,0.765208,0.789075,0.722036,0.650000
399.000000,0.732293,0.741119,0.761120,0.785767,0.736158,0.555000
400.000000,0.695504,0.720624,0.749025,0.776205,0.559643,4.800000
401.000000,0.667930,0.705425,0.738973,0.767961,0.593831,1.040000
402.000000,0.641843,0.690115,0.729013,0.759625,0.597547,0.390000
403.000000,0.618878,0.675808,0.719965,0.751821,0.607209,0.370000
404.000000,0.591230,0.661761,0.710470,0.743745,0.597919,0.410000
405.000000,0.600149,0.647826,0.701886,0.736102,0.604236,0.310000
406.000000,0.605500,0.636715,0.694064,0.729178,0.620587,0.622000
407.000000,0.606986,0.624415,0.686278,0.722005,0.604980,0.650000
408.000000,0.606392,0.612635,0.677899,0.714350,0.604236,0.480000
409.000000,0.608324,0.599777,0.670448,0.707339,0.607581,0.360000
410.000000,0.608547,0.604348,0.662486,0.700799,0.605351,0.307500
411.000000,0.605203,0.605351,0.655388,0.694432,0.603865,0.200000
412.000000,0.604905,0.605946,0.648030,0.687991,0.603493,0.290000
413.000000,0.603865,0.605128,0.640468,0.681686,0.599034,0.276000
414.000000,0.602676,0.605500,0.633631,0.675480,0.601635,0.320000
415.000000,0.603344,0.605946,0.626886,0.669906,0.608696,0.270000
416.000000,0.604236,0.604719,0.620717,0.664282,0.608324,0.245000
417.000000,0.607209,0.606057,0.615236,0.659538,0.618357,0.460000
418.000000,0.611074,0.607469,0.610052,0.654422,0.618357,0.360000
419.000000,0.614641,0.608658,0.604218,0.649851,0.619472,0.389900
420.000000,0.616054,0.609699,0.607023,0.644890,0.615756,0.519000
421.000000,0.619770,0.612003,0.608677,0.640927,0.626904,0.569900
422.000000,0.621553,0.614381,0.610164,0.636814,0.627276,0.320000
423.000000,0.623932,0.617503,0.611315,0.632813,0.630249,0.310000
424.000000,0.625492,0.620067,0.612783,0.629109,0.627276,0.330000
425.000000,0.628614,0.622334,0.614140,0.625369,0.631364,0.325000
426.000000,0.630621,0.625195,0.614957,0.622210,0.636938,0.515000
427.000000,0.632404,0.626979,0.616518,0.619150,0.636195,0.390000
428.000000,0.632404,0.628168,0.617819,0.616091,0.630249,0.465000
429.000000,0.632776,0.629134,0.618896,0.612523,0.629134,0.300000
430.000000,0.634931,0.631773,0.620736,0.615273,0.642140,0.660000
431.000000,0.638796,0.634708,0.623356,0.617354,0.656262,0.500000
432.000000,0.645411,0.638907,0.626644,0.619745,0.669268,0.730000
433.000000,0.651431,0.641918,0.629710,0.621516,0.660349,0.430000
434.000000,0.658045,0.645411,0.632739,0.623659,0.662207,0.790000
435.000000,0.664660,0.649796,0.636065,0.626025,0.675214,0.830000
436.000000,0.671646,0.655221,0.640208,0.628379,0.691193,0.730000
437.000000,0.678112,0.661761,0.644370,0.631599,0.701598,0.540000
438.000000,0.685619,0.668525,0.648346,0.634721,0.697882,0.400500
439.000000,0.689483,0.673764,0.651449,0.637186,0.681531,0.500000
440.000000,0.689112,0.676886,0.654329,0.639452,0.673356,0.790000
441.000000,0.686511,0.679078,0.656893,0.641930,0.678187,0.410000
442.000000,0.684207,0.681159,0.660033,0.644816,0.690078,0.560000
443.000000,0.679524,0.682572,0.662245,0.647331,0.674470,0.640000
444.000000,0.676068,0.682776,0.664093,0.649418,0.664251,0.330000
445.000000,0.679116,0.684114,0.666955,0.652081,0.688592,0.755000
446.000000,0.679784,0.683148,0.669184,0.654521,0.681531,0.360000
447.000000,0.678447,0.681327,0.671544,0.656689,0.683389,0.500000
448.000000,0.676774,0.678149,0.673337,0.658281,0.666109,0.660000
449.000000,0.679116,0.677592,0.675678,0.660164,0.675957,0.800000
450.000000,0.675474,0.677295,0.677090,0.661984,0.670383,0.740000
451.000000,0.674693,0.677239,0.678159,0.663675,0.677629,0.930000
452.000000,0.674470,0.676459,0.678809,0.665508,0.682274,0.345000
453.000000,0.679784,0.678279,0.680425,0.667589,0.692679,0.650000
454.000000,0.680007,0.679562,0.681169,0.669249,0.677072,0.490000
455.000000,0.683278,0.679376,0.681745,0.671095,0.686734,0.520000
456.000000,0.682126,0.678410,0.680779,0.672259,0.671869,0.720000
457.000000,0.682943,0.678707,0.680017,0.673932,0.686362,0.596100
458.000000,0.682572,0.681178,0.679664,0.675951,0.690821,0.482000
459.000000,0.689855,0.684931,0.681262,0.678763,0.713489,0.610000
460.000000,0.692456,0.687867,0.682581,0.680683,0.699740,0.520000
461.000000,0.698476,0.690301,0.683770,0.682206,0.701970,0.380000
462.000000,0.701747,0.692345,0.684402,0.683321,0.702713,0.350000
463.000000,0.702044,0.692308,0.685294,0.684386,0.692308,0.480000
464.000000,0.711185,0.700520,0.690041,0.687619,0.759197,2.360000
465.000000,0.733705,0.713081,0.696228,0.692190,0.812337,1.670000
466.000000,0.755853,0.727165,0.702787,0.696241,0.812709,0.440000
467.000000,0.776514,0.739130,0.708919,0.699721,0.806020,0.500000
468.000000,0.796730,0.749387,0.715282,0.702905,0.793385,0.535000
469.000000,0.801784,0.756485,0.720708,0.706336,0.784467,0.860000
470.000000,0.799108,0.766407,0.727137,0.710523,0.798959,0.585000
471.000000,0.799331,0.777592,0.733946,0.715044,0.813824,0.540000
472.000000,0.801635,0.789075,0.740710,0.719293,0.817540,0.410000
473.000000,0.806020,0.801375,0.746841,0.723987,0.815310,0.755000
474.000000,0.810925,0.806355,0.753437,0.728812,0.808993,0.560000
475.000000,0.813304,0.806206,0.759643,0.732887,0.810851,0.445000
476.000000,0.812560,0.805946,0.766555,0.737173,0.810108,0.896900
477.000000,0.813973,0.807804,0.773467,0.741880,0.824601,0.515000
478.000000,0.817837,0.811929,0.780658,0.747498,0.834634,0.530000
479.000000,0.820364,0.815645,0.786065,0.752354,0.821628,0.650000
480.000000,0.821182,0.817243,0.791825,0.757172,0.814939,0.820000
481.000000,0.828391,0.820476,0.799034,0.762790,0.846154,0.960000
482.000000,0.827648,0.820810,0.804942,0.767410,0.820884,0.870000
483.000000,0.829729,0.823783,0.812579,0.772489,0.845039,0.820000
484.000000,0.834857,0.827611,0.816983,0.778162,0.847269,0.400000
485.000000,0.842958,0.832070,0.819138,0.783785,0.855444,0.480000
486.000000,0.844036,0.836213,0.821080,0.789775,0.851542,0.670000
487.000000,0.848346,0.837997,0.822900,0.794977,0.842438,0.539800
488.000000,0.852657,0.841193,0.826561,0.800836,0.866592,0.900000
489.000000,0.852583,0.843720,0.829682,0.805283,0.846897,0.860000
490.000000,0.852211,0.847585,0.832414,0.810411,0.853586,0.660000
491.000000,0.849944,0.846990,0.833733,0.815019,0.840208,0.473200
492.000000,0.850910,0.849628,0.835219,0.819838,0.847269,0.540000
493.000000,0.846005,0.849331,0.836557,0.824830,0.842066,0.930000
494.000000,0.852397,0.852490,0.840050,0.828818,0.878855,1.025000
495.000000,0.857451,0.854831,0.843450,0.831036,0.878855,0.860000
496.000000,0.864065,0.857005,0.846609,0.833055,0.873281,0.730000
497.000000,0.871646,0.861278,0.849638,0.835693,0.885173,0.550000
498.000000,0.878707,0.862356,0.851774,0.838493,0.877369,0.410000
499.000000,0.879747,0.866072,0.854896,0.841812,0.884058,0.300000
500.000000,0.880491,0.868971,0.858278,0.844599,0.882572,0.250000
501.000000,0.885767,0.874916,0.860953,0.847461,0.899666,0.650000
502.000000,0.889260,0.880453,0.865041,0.850297,0.902638,0.400000
503.000000,0.897808,0.888257,0.868794,0.853790,0.920104,0.750000
504.000000,0.898774,0.889260,0.870875,0.856454,0.888889,1.430000
505.000000,0.896544,0.888517,0.871674,0.858473,0.871423,0.960000
506.000000,0.892828,0.889298,0.873151,0.860839,0.881085,1.060000
507.000000,0.897956,0.893608,0.877443,0.864295,0.928279,1.340000
508.000000,0.898997,0.898402,0.880379,0.867317,0.925307,0.570000
509.000000,0.907544,0.903159,0.884615,0.870984,0.931624,0.780000
510.000000,0.919509,0.908027,0.888499,0.874861,0.931252,0.353200
511.000000,0.932739,0.912783,0.893850,0.878230,0.947232,0.820000
512.000000,0.937198,0.917577,0.899015,0.882553,0.950576,0.770000
513.000000,0.938164,0.918580,0.903419,0.885390,0.930137,0.940000
514.000000,0.940245,0.923894,0.906577,0.888548,0.942029,0.593000
515.000000,0.940468,0.929989,0.909253,0.891112,0.932367,0.820000
516.000000,0.932516,0.932627,0.910962,0.892977,0.907469,1.060000
517.000000,0.928279,0.932739,0.913174,0.895875,0.929394,0.850000
518.000000,0.927536,0.932850,0.915626,0.897869,0.926421,0.551000
519.000000,0.927276,0.933761,0.918460,0.900997,0.940728,0.560000
520.000000,0.928911,0.934690,0.921358,0.903896,0.940543,0.639900
521.000000,0.931996,0.932256,0.922520,0.906652,0.922891,0.830000
522.000000,0.935266,0.931773,0.924675,0.909934,0.945745,0.760000
523.000000,0.933668,0.930602,0.924591,0.912480,0.918432,0.930000
524.000000,0.927536,0.927406,0.925650,0.913520,0.910071,1.100000
525.000000,0.922036,0.925474,0.927731,0.914660,0.913043,0.690000
526.000000,0.922520,0.927258,0.929942,0.916394,0.925307,0.720000
527.000000,0.915533,0.925399,0.929069,0.917249,0.910814,0.690000
528.000000,0.915422,0.924545,0.928698,0.918599,0.917874,0.500000
529.000000,0.913712,0.920624,0.927192,0.919181,0.901524,0.510000
530.000000,0.912895,0.917466,0.926078,0.920061,0.908956,0.410000
531.000000,0.912895,0.917707,0.924981,0.920915,0.925307,0.690000
532.000000,0.913638,0.914586,0.923179,0.921312,0.914530,0.430000
533.000000,0.911780,0.913601,0.922101,0.920928,0.908584,0.390000
534.000000,0.914530,0.914121,0.920764,0.921807,0.915273,0.560000
535.000000,0.921888,0.917391,0.921433,0.924285,0.945745,1.205000
536.000000,0.926198,0.919547,0.923402,0.926477,0.946860,1.370000
537.000000,0.932070,0.922854,0.924127,0.926997,0.943887,0.640000
538.000000,0.936826,0.924303,0.924424,0.927233,0.932367,0.730000
539.000000,0.944705,0.929617,0.925121,0.928001,0.954664,0.864500
540.000000,0.944928,0.933408,0.925437,0.928521,0.946860,0.380000
541.000000,0.944036,0.935117,0.926412,0.928360,0.942401,0.430000
542.000000,0.946711,0.939391,0.926988,0.928583,0.957265,0.890000
543.000000,0.954664,0.945745,0.929673,0.929983,0.972129,0.570000
544.000000,0.955035,0.949870,0.931996,0.930466,0.956522,1.000000
545.000000,0.955556,0.950242,0.933816,0.931036,0.949461,0.600000
546.000000,0.958008,0.951022,0.935284,0.932609,0.954664,0.535000
547.000000,0.950873,0.948792,0.935823,0.932349,0.921590,0.890000
548.000000,0.945225,0.949944,0.937124,0.932931,0.943887,0.790000
549.000000,0.939985,0.947510,0.938564,0.932584,0.930323,0.550000
550.000000,0.931884,0.943720,0.938564,0.931531,0.908956,1.015000
551.000000,0.926273,0.942140,0.938629,0.931655,0.926607,0.548000
552.000000,0.924489,0.937681,0.938536,0.930552,0.912672,0.720000
553.000000,0.920847,0.933036,0.939391,0.930794,0.925678,0.410000
554.000000,0.919472,0.929729,0.939799,0.931240,0.923449,0.460000
555.000000,0.920438,0.926161,0.938201,0.931265,0.913787,0.600000
556.000000,0.919138,0.922705,0.936864,0.931091,0.920104,0.420000
557.000000,0.922408,0.923449,0.936120,0.931698,0.929023,0.570000
558.000000,0.924935,0.922891,0.936418,0.932380,0.938313,0.590000
559.000000,0.925232,0.922352,0.934931,0.933160,0.924935,0.470000
560.000000,0.922928,0.921683,0.932702,0.932937,0.902267,0.950000
561.000000,0.916239,0.917689,0.929915,0.931649,0.886659,0.850000
562.000000,0.907469,0.914939,0.926310,0.930670,0.885173,0.600000
563.000000,0.900297,0.912616,0.922826,0.930466,0.902453,0.710000
564.000000,0.896135,0.910684,0.920206,0.930094,0.904125,0.540000
565.000000,0.895095,0.909012,0.917586,0.928471,0.897064,0.535000
566.000000,0.896210,0.906224,0.914465,0.926651,0.892233,0.440000
567.000000,0.894723,0.901096,0.912272,0.924446,0.877741,0.720000
568.000000,0.885507,0.892902,0.907897,0.921913,0.856373,0.790000
569.000000,0.880528,0.888331,0.905342,0.919398,0.879227,1.050000
570.000000,0.874656,0.884876,0.903279,0.916760,0.867707,0.610000
571.000000,0.871646,0.883928,0.900808,0.914586,0.877183,0.440000
572.000000,0.866667,0.880695,0.897817,0.911105,0.852843,0.890000
573.000000,0.865700,0.875604,0.894110,0.907085,0.851542,0.390000
574.000000,0.859532,0.870030,0.890357,0.903481,0.848384,0.605000
575.000000,0.855258,0.864957,0.886984,0.900043,0.846340,0.420000
576.000000,0.847046,0.859346,0.882785,0.896092,0.836120,0.435000
577.000000,0.844444,0.855556,0.878326,0.893367,0.839836,0.557500
578.000000,0.842884,0.854292,0.873597,0.890028,0.843738,0.660000
579.000000,0.841918,0.850725,0.869528,0.887136,0.843553,0.340000
580.000000,0.843292,0.849275,0.867075,0.885278,0.853214,0.640000
581.000000,0.847603,0.847324,0.865626,0.882980,0.857674,0.470000
582.000000,0.851616,0.848030,0.864363,0.881221,0.859903,0.360000
583.000000,0.856559,0.849721,0.862663,0.879314,0.868450,0.651000
584.000000,0.856001,0.848959,0.859495,0.876558,0.840766,1.250000
585.000000,0.853772,0.848532,0.856745,0.874167,0.842066,0.455000
586.000000,0.852360,0.849981,0.854664,0.871851,0.850613,0.780000
587.000000,0.851319,0.851468,0.853512,0.869373,0.854701,0.570000
588.000000,0.837867,0.847213,0.850753,0.864802,0.801189,1.640000
589.000000,0.828688,0.842345,0.846535,0.860467,0.794872,0.750000
590.000000,0.820884,0.837328,0.843302,0.857160,0.803047,0.790000
591.000000,0.810108,0.831234,0.839279,0.854162,0.796730,0.760000
592.000000,0.802787,0.827053,0.837542,0.851926,0.818097,0.630000
593.000000,0.805240,0.821553,0.835637,0.848959,0.813452,0.730000
594.000000,0.808584,0.818636,0.833798,0.845875,0.811594,0.360000
595.000000,0.811334,0.816109,0.832321,0.843200,0.816797,0.280000
596.000000,0.817354,0.813731,0.831856,0.841019,0.826830,0.560000
597.000000,0.819770,0.811278,0.831373,0.839434,0.830175,0.415000
598.000000,0.825418,0.815329,0.831271,0.838945,0.841695,0.440000
599.000000,0.830918,0.819751,0.831048,0.837607,0.839093,0.445000
600.000000,0.836641,0.823987,0.830658,0.836864,0.845411,0.360000
601.000000,0.839391,0.828372,0.829803,0.835644,0.840580,0.450000
602.000000,0.841100,0.830435,0.828744,0.835173,0.838722,0.290000
603.000000,0.843181,0.834300,0.827926,0.835191,0.852100,0.430000
604.000000,0.843627,0.837272,0.827954,0.834956,0.841323,0.380000
605.000000,0.841472,0.839056,0.827583,0.834566,0.834634,0.520000
606.000000,0.839762,0.839576,0.826654,0.834430,0.832033,0.430000
607.000000,0.837495,0.839298,0.825288,0.834015,0.827388,0.330000
608.000000,0.835006,0.839093,0.827211,0.833878,0.839651,0.520000
609.000000,0.833073,0.838350,0.829051,0.833482,0.831661,0.320000
610.000000,0.833296,0.837384,0.830686,0.832900,0.835749,0.505000
611.000000,0.835897,0.837830,0.833101,0.832479,0.845039,0.365000
612.000000,0.839428,0.838462,0.834448,0.831983,0.845039,0.140000
613.000000,0.842512,0.838759,0.836529,0.831537,0.855072,0.530000
614.000000,0.846451,0.839762,0.838517,0.831890,0.851356,0.345000
615.000000,0.848755,0.841026,0.840041,0.832064,0.847269,0.520000
616.000000,0.848086,0.841992,0.840784,0.831766,0.841695,0.260000
617.000000,0.841657,0.840543,0.839920,0.830373,0.812895,1.000000
618.000000,0.832962,0.837737,0.838415,0.830720,0.811594,0.310000
619.000000,0.823820,0.835136,0.836743,0.831079,0.805648,1.190000
620.000000,0.816462,0.832609,0.834996,0.831327,0.810479,0.360000
621.000000,0.811185,0.829636,0.833733,0.831946,0.815310,0.300000
622.000000,0.810554,0.826106,0.832284,0.831667,0.809736,0.400000
623.000000,0.809365,0.821163,0.829961,0.831407,0.805648,0.280000
624.000000,0.809290,0.816555,0.828159,0.831197,0.805277,0.220000
625.000000,0.808027,0.812245,0.826635,0.830775,0.804162,0.470000
626.000000,0.801301,0.806243,0.824117,0.829270,0.781680,0.610000
627.000000,0.798030,0.804292,0.822417,0.828044,0.793385,0.355000
628.000000,0.797733,0.803549,0.820643,0.826793,0.804162,0.870000
629.000000,0.800186,0.804738,0.819937,0.826075,0.817540,0.400000
630.000000,0.803976,0.806001,0.819305,0.825331,0.823114,0.465000
631.000000,0.815682,0.808491,0.819064,0.825319,0.840208,0.860000
632.000000,0.823337,0.810684,0.818395,0.825084,0.831661,0.390000
633.000000,0.830769,0.814251,0.817707,0.824724,0.841323,0.430000
634.000000,0.839465,0.819825,0.818190,0.825381,0.861018,0.590000
635.000000,0.849647,0.826812,0.819528,0.826694,0.874025,0.400000
636.000000,0.857674,0.836678,0.821460,0.828304,0.880342,0.300000
637.000000,0.864957,0.844147,0.824220,0.829661,0.868079,0.360000
638.000000,0.870829,0.850799,0.827174,0.830695,0.870680,0.240000
639.000000,0.870160,0.854812,0.829775,0.831562,0.857674,0.559900
640.000000,0.866741,0.858194,0.832098,0.832268,0.856931,0.268600
641.000000,0.861538,0.859606,0.834049,0.832578,0.854329,0.395000
642.000000,0.858714,0.861836,0.836260,0.832875,0.853958,0.410000
643.000000,0.853958,0.862393,0.838322,0.832603,0.846897,0.490000
644.000000,0.847492,0.858826,0.839326,0.831735,0.825344,0.670000
645.000000,0.840059,0.853400,0.840106,0.830819,0.819770,0.420000
646.000000,0.832925,0.847232,0.841955,0.830051,0.818655,0.475000
647.000000,0.827573,0.843144,0.843645,0.830528,0.827202,0.480000
648.000000,0.827573,0.840766,0.845782,0.831704,0.846897,0.870000
649.000000,0.835600,0.841546,0.848179,0.833699,0.865478,0.590000
650.000000,0.840951,0.840505,0.849350,0.834900,0.846525,0.640000
651.000000,0.850390,0.841657,0.850632,0.836585,0.865849,1.050000
652.000000,0.855593,0.841583,0.851709,0.838034,0.853214,0.830000
653.000000,0.853660,0.840617,0.851505,0.839087,0.837235,0.860000
654.000000,0.847120,0.841360,0.850093,0.840004,0.832776,0.480000
655.000000,0.840654,0.840803,0.847101,0.840338,0.814195,1.310000
656.000000,0.828391,0.839391,0.843311,0.841100,0.804534,0.330000
657.000000,0.817466,0.836529,0.839836,0.841273,0.798588,0.570000
658.000000,0.812858,0.833259,0.837012,0.841608,0.814195,0.720000
659.000000,0.807284,0.827202,0.834374,0.841187,0.804905,0.270000
660.000000,0.807358,0.824006,0.832256,0.840902,0.814567,0.580000
661.000000,0.807952,0.818172,0.829915,0.839812,0.807507,0.430000
662.000000,0.808473,0.812969,0.827276,0.838796,0.801189,0.370000
663.000000,0.800297,0.806577,0.823597,0.836529,0.773318,0.780000
664.000000,0.790635,0.798959,0.820160,0.833048,0.756596,0.900000
665.000000,0.771386,0.789372,0.815087,0.827858,0.718320,2.360000
666.000000,0.749758,0.778855,0.809123,0.821826,0.699368,1.200000
667.000000,0.734968,0.771721,0.804125,0.817131,0.727239,0.820000
668.000000,0.729469,0.764883,0.799071,0.812969,0.745819,0.750000
669.000000,0.730583,0.760609,0.793906,0.809786,0.762170,0.575000
670.000000,0.740766,0.756076,0.790041,0.806862,0.769231,0.490000
671.000000,0.753772,0.751765,0.784968,0.803865,0.764400,0.720000
672.000000,0.762467,0.748718,0.780844,0.801090,0.770717,0.460000
673.000000,0.766630,0.748049,0.777313,0.798414,0.766630,0.370000
674.000000,0.766109,0.748346,0.773653,0.796222,0.759569,0.450000
675.000000,0.767744,0.754255,0.771813,0.794810,0.777406,0.620000
676.000000,0.768562,0.761167,0.770011,0.793138,0.768488,0.425000
677.000000,0.765589,0.764028,0.767874,0.790759,0.755853,0.550000
678.000000,0.762022,0.764326,0.764604,0.787489,0.748792,0.390000
679.000000,0.761130,0.763619,0.762114,0.783810,0.755110,0.525000
680.000000,0.757339,0.762542,0.759309,0.780875,0.758454,0.355000
681.000000,0.754812,0.761687,0.756726,0.777208,0.755853,0.430000
682.000000,0.755630,0.760609,0.754664,0.774099,0.759941,0.655000
683.000000,0.754143,0.758082,0.753066,0.770903,0.741360,0.690000
684.000000,0.753029,0.757079,0.752713,0.768128,0.749535,0.510000
685.000000,0.749313,0.753326,0.753790,0.765651,0.739874,0.520000
686.000000,0.743738,0.749275,0.755221,0.763099,0.727982,0.520000
687.000000,0.735935,0.745782,0.754905,0.760510,0.720922,0.460000
688.000000,0.729543,0.741843,0.753084,0.757017,0.709402,0.605000
689.000000,0.717354,0.735191,0.749405,0.753140,0.688592,0.850000
690.000000,0.706652,0.727982,0.745262,0.748867,0.686362,0.365000
691.000000,0.696172,0.719955,0.740821,0.744469,0.675585,0.674000
692.000000,0.686511,0.711223,0.735916,0.740183,0.672612,0.644000
693.000000,0.681828,0.705686,0.731884,0.737272,0.685990,0.720000
694.000000,0.679376,0.698365,0.727722,0.734597,0.676329,0.480000
695.000000,0.675585,0.691119,0.722222,0.732900,0.667410,0.380000
696.000000,0.675362,0.685767,0.717521,0.732070,0.674470,0.600000
697.000000,0.677295,0.681903,0.713842,0.730571,0.682274,0.525000
698.000000,0.677220,0.679524,0.710684,0.728564,0.685619,0.325000
699.000000,0.683055,0.681215,0.708203,0.726675,0.705500,0.720000
700.000000,0.688183,0.681884,0.704933,0.724136,0.693051,0.475000
701.000000,0.691453,0.683408,0.701682,0.721683,0.690821,0.310000
702.000000,0.697919,0.687607,0.699415,0.719813,0.714604,0.680000
703.000000,0.703344,0.690282,0.697984,0.718017,0.712746,0.510000
704.000000,0.705686,0.694370,0.696368,0.716605,0.717205,0.340000
705.000000,0.709625,0.698904,0.695011,0.714449,0.712746,0.320000
706.000000,0.705834,0.698644,0.692205,0.711229,0.671869,1.330000
707.000000,0.693720,0.695819,0.688861,0.707835,0.654032,0.735000
708.000000,0.682497,0.692921,0.686223,0.704763,0.656633,0.500000
709.000000,0.674247,0.689967,0.685591,0.702124,0.675957,0.630000
710.000000,0.662430,0.686027,0.683956,0.698631,0.653660,1.050000
711.000000,0.659234,0.682534,0.682971,0.695299,0.655890,0.690000
712.000000,0.657265,0.675492,0.681550,0.691441,0.644184,0.390000
713.000000,0.652062,0.667280,0.678781,0.687749,0.630621,0.845000
714.000000,0.644928,0.659588,0.676979,0.684108,0.640282,0.460000
715.000000,0.644333,0.653382,0.676143,0.681135,0.650687,1.190000
716.000000,0.638164,0.648699,0.673671,0.677703,0.625046,1.090000
717.000000,0.633816,0.645541,0.670680,0.674421,0.622445,0.270000
718.000000,0.630621,0.641342,0.667131,0.671262,0.614641,0.330000
719.000000,0.623337,0.634132,0.662049,0.668438,0.603865,0.560000
720.000000,0.614790,0.629562,0.657795,0.665824,0.607952,0.475000
721.000000,0.614047,0.626106,0.654320,0.664016,0.621330,0.430000
722.000000,0.612412,0.623114,0.649303,0.662071,0.614270,0.450000
723.000000,0.609290,0.619955,0.643618,0.659173,0.599034,0.570000
724.000000,0.608250,0.615793,0.637690,0.656584,0.598662,0.220000
725.000000,0.608175,0.611483,0.632432,0.654589,0.607581,0.620000
726.000000,0.609662,0.611854,0.630277,0.653066,0.628763,0.610000
727.000000,0.611817,0.612114,0.628828,0.651158,0.625046,0.420000
728.000000,0.619249,0.614270,0.627806,0.649511,0.636195,0.580000
729.000000,0.627871,0.618060,0.626096,0.647386,0.641769,0.420000
730.000000,0.635823,0.621999,0.625780,0.645863,0.647343,0.440000
731.000000,0.641472,0.625567,0.625836,0.644736,0.657005,0.430000
732.000000,0.646600,0.629208,0.626161,0.642605,0.650687,0.280000
733.000000,0.648012,0.633631,0.626793,0.640289,0.643255,0.320000
734.000000,0.648384,0.638127,0.626960,0.637836,0.643627,0.250000
735.000000,0.647269,0.641546,0.626514,0.635470,0.641769,0.180000
736.000000,0.641472,0.641472,0.626663,0.634008,0.628019,0.600000
737.000000,0.636715,0.641657,0.626886,0.633104,0.626904,0.310000
738.000000,0.635006,0.641509,0.627889,0.632373,0.634708,0.500000
739.000000,0.631512,0.639948,0.629004,0.630713,0.626161,0.570000
740.000000,0.627871,0.637570,0.629784,0.629710,0.623560,0.475000
741.000000,0.626384,0.633928,0.629747,0.628533,0.620587,0.400000
742.000000,0.623486,0.630100,0.629654,0.627474,0.612412,0.320000
743.000000,0.617020,0.626013,0.629822,0.626533,0.602378,0.450000
744.000000,0.615310,0.623411,0.630769,0.625777,0.617614,0.489400
745.000000,0.616202,0.622036,0.631791,0.625022,0.628019,0.419900
746.000000,0.615459,0.620922,0.631197,0.624749,0.616871,0.390000
747.000000,0.617168,0.620327,0.630992,0.624700,0.620959,0.494900
748.000000,0.622371,0.619695,0.630602,0.625158,0.628391,0.590000
749.000000,0.625381,0.620346,0.630147,0.626118,0.632664,0.495000
750.000000,0.627016,0.621609,0.629589,0.627059,0.636195,0.196500
751.000000,0.630732,0.623096,0.628512,0.627530,0.635452,0.320000
752.000000,0.632962,0.625065,0.627583,0.628125,0.632107,0.435000
753.000000,0.634745,0.628558,0.627285,0.629400,0.637310,0.240000
754.000000,0.634560,0.629970,0.626691,0.630503,0.631735,0.280000
755.000000,0.632850,0.629933,0.625985,0.631172,0.627648,0.310000
756.000000,0.628391,0.629562,0.625242,0.630652,0.613155,0.590000
757.000000,0.624601,0.628781,0.624554,0.630255,0.613155,0.400000
758.000000,0.618283,0.626514,0.623105,0.629239,0.605723,0.680000
759.000000,0.608919,0.621739,0.621042,0.627344,0.584913,0.585000
760.000000,0.600149,0.616499,0.619054,0.625226,0.583798,0.270000
761.000000,0.595838,0.612114,0.617605,0.623046,0.591602,0.465000
762.000000,0.595318,0.609959,0.617512,0.621708,0.610554,0.600000
763.000000,0.599703,0.608993,0.618776,0.621188,0.627648,0.740000
764.000000,0.609810,0.609365,0.619667,0.620915,0.635452,0.560000
765.000000,0.616722,0.608436,0.619184,0.620135,0.618357,0.620000
766.000000,0.624080,0.609959,0.619760,0.620147,0.628391,0.650000
767.000000,0.625492,0.610405,0.619593,0.619838,0.617614,0.880000
768.000000,0.624229,0.611966,0.619240,0.619392,0.621330,0.808800
769.000000,0.625938,0.617874,0.619807,0.619986,0.643999,0.675000
770.000000,0.627573,0.622148,0.619324,0.620085,0.626533,0.690100
771.000000,0.629506,0.626793,0.619454,0.620668,0.638053,0.634400
772.000000,0.632925,0.629208,0.619584,0.621411,0.634708,0.560000
773.000000,0.636343,0.630286,0.619640,0.622612,0.638424,0.340000
774.000000,0.638796,0.632367,0.620866,0.623901,0.656262,0.666600
775.000000,0.644073,0.635823,0.622129,0.624731,0.652917,0.357000
776.000000,0.644593,0.637049,0.623504,0.625523,0.640654,0.620000
777.000000,0.646823,0.639874,0.625139,0.626353,0.645857,0.645000
778.000000,0.648532,0.642438,0.627202,0.626973,0.646971,0.405000
779.000000,0.640803,0.639799,0.628837,0.626471,0.617614,0.830000
780.000000,0.630844,0.637458,0.629803,0.625369,0.603122,0.870000
781.000000,0.619324,0.631958,0.629376,0.623622,0.583055,0.900000
782.000000,0.609885,0.628354,0.628781,0.622507,0.598662,0.815000
783.000000,0.599926,0.624229,0.627258,0.621169,0.597176,0.575000
784.000000,0.600372,0.620587,0.626477,0.620773,0.619844,1.480000
785.000000,0.605425,0.618135,0.626979,0.620798,0.628391,0.455000
786.000000,0.601041,0.610182,0.623616,0.619064,0.561130,2.140000
787.000000,0.595020,0.602453,0.621163,0.617577,0.568562,0.558000
788.000000,0.591156,0.595541,0.618989,0.616648,0.577852,0.869800
789.000000,0.585210,0.592791,0.616295,0.616822,0.590115,0.550000
790.000000,0.583724,0.594575,0.616016,0.618060,0.620959,1.608200
791.000000,0.597101,0.599071,0.615515,0.619274,0.628019,0.740000
792.000000,0.610851,0.602936,0.615645,0.620166,0.637310,0.475000
793.000000,0.625195,0.608175,0.616202,0.620897,0.649573,0.810000
794.000000,0.635674,0.610442,0.615515,0.621132,0.642512,0.250000
795.000000,0.643776,0.613750,0.615942,0.622569,0.661464,0.540000
796.000000,0.651579,0.624340,0.617261,0.623857,0.667038,0.295000
797.000000,0.657674,0.634262,0.618357,0.625530,0.667781,0.395000
798.000000,0.661464,0.643330,0.619435,0.627103,0.668525,0.235000
799.000000,0.666667,0.651171,0.621981,0.627920,0.668525,0.260000
800.000000,0.664511,0.654143,0.624359,0.628725,0.650687,0.480000
801.000000,0.661761,0.656670,0.627871,0.629233,0.653289,0.270000
802.000000,0.656485,0.657079,0.630007,0.629456,0.641397,0.620000
803.000000,0.653735,0.657599,0.632887,0.630001,0.654775,0.540000
804.000000,0.649350,0.658008,0.634225,0.629679,0.646600,0.255000
805.000000,0.647566,0.656039,0.634894,0.629308,0.641769,0.270000
806.000000,0.642586,0.652174,0.638257,0.628899,0.628391,0.410000
807.000000,0.641769,0.649127,0.641695,0.628614,0.637310,0.580000
808.000000,0.639391,0.646563,0.644946,0.628478,0.642884,0.410000
809.000000,0.633148,0.641249,0.646210,0.628403,0.615385,0.966000
810.000000,0.628614,0.638090,0.646117,0.628936,0.619101,0.630000
811.000000,0.622520,0.632553,0.644612,0.629431,0.597919,0.580000
812.000000,0.615831,0.628800,0.642939,0.629605,0.603865,0.430000
813.000000,0.607432,0.623411,0.640505,0.629729,0.600892,0.600000
814.000000,0.608101,0.620624,0.639316,0.629692,0.618729,0.700000
815.000000,0.608324,0.618469,0.637254,0.629419,0.620216,0.350000
816.000000,0.614121,0.618320,0.635247,0.631612,0.626904,0.480000
817.000000,0.621330,0.618580,0.633854,0.633990,0.639911,0.650000
818.000000,0.626979,0.617205,0.631884,0.635699,0.629134,0.470000
819.000000,0.628688,0.618395,0.629822,0.636938,0.627276,0.450000
820.000000,0.632256,0.620290,0.629190,0.637508,0.638053,0.384900
821.000000,0.634485,0.624303,0.628428,0.637842,0.638053,0.330000
822.000000,0.633742,0.627536,0.628168,0.637805,0.636195,0.410000
823.000000,0.639391,0.633185,0.628298,0.638065,0.657376,0.850000
824.000000,0.649052,0.638870,0.629747,0.639168,0.675585,0.530000
825.000000,0.656856,0.644556,0.631512,0.639688,0.677072,0.470000
826.000000,0.662802,0.648644,0.633482,0.639713,0.667781,0.440000
827.000000,0.667707,0.650725,0.634653,0.639477,0.660721,0.260000
828.000000,0.669491,0.654441,0.635823,0.639403,0.666295,0.450000
829.000000,0.664809,0.656931,0.637663,0.638858,0.652174,0.480000
830.000000,0.660201,0.658528,0.639409,0.638969,0.654032,0.760000
831.000000,0.655964,0.659383,0.641843,0.638746,0.646600,0.325000
832.000000,0.654255,0.660981,0.644259,0.639106,0.652174,0.210000
833.000000,0.650167,0.659829,0.646507,0.638808,0.645857,0.340000
834.000000,0.659829,0.662319,0.650595,0.640604,0.700483,2.000000
835.000000,0.670977,0.665589,0.655072,0.642871,0.709773,0.725000
836.000000,0.681457,0.668711,0.658677,0.645225,0.698997,0.455000
837.000000,0.690004,0.672129,0.661427,0.647145,0.694909,0.295000
838.000000,0.703084,0.676626,0.665533,0.649424,0.711260,0.625000
839.000000,0.703679,0.681754,0.669342,0.652360,0.703456,0.380000
840.000000,0.704125,0.687551,0.673040,0.655456,0.712003,0.625000
841.000000,0.707246,0.694352,0.676867,0.659346,0.714604,0.340000
842.000000,0.709996,0.700000,0.680491,0.662839,0.708658,0.507200
843.000000,0.712375,0.707729,0.683779,0.666914,0.723151,1.380000
844.000000,0.717131,0.710405,0.686362,0.670531,0.727239,0.320000
845.000000,0.716239,0.710182,0.687886,0.673442,0.707544,0.600000
846.000000,0.715347,0.711297,0.690004,0.676217,0.710145,0.400000
847.000000,0.714604,0.712300,0.692215,0.678385,0.704942,0.470000
848.000000,0.711334,0.711854,0.694240,0.680974,0.706800,0.710000
849.000000,0.706206,0.711669,0.696711,0.683451,0.701598,0.450000
850.000000,0.701970,0.709104,0.698328,0.685061,0.686362,0.695000
851.000000,0.697362,0.706355,0.700353,0.686696,0.687105,0.360000
852.000000,0.693943,0.704274,0.702137,0.688418,0.687848,0.650000
853.000000,0.690524,0.700929,0.704329,0.689496,0.689706,0.220000
854.000000,0.690524,0.698365,0.704385,0.690363,0.701598,0.455000
855.000000,0.695726,0.698848,0.704515,0.691540,0.712375,0.569900
856.000000,0.700186,0.698774,0.705035,0.692927,0.709402,0.310000
857.000000,0.705611,0.699777,0.706039,0.694736,0.714976,0.390000
858.000000,0.709253,0.699889,0.705871,0.696123,0.707915,0.300000
859.000000,0.712003,0.701263,0.706466,0.698229,0.715347,0.375000
860.000000,0.713341,0.704534,0.706819,0.700396,0.719064,0.500000
861.000000,0.717577,0.708881,0.707618,0.703196,0.730583,0.410000
862.000000,0.720550,0.713081,0.708677,0.705785,0.729840,0.430000
863.000000,0.723746,0.716499,0.708714,0.708386,0.723894,0.305000
864.000000,0.726347,0.719175,0.708770,0.709315,0.728354,0.500000
865.000000,0.729246,0.721293,0.710071,0.710108,0.733556,0.390000
866.000000,0.726273,0.721925,0.710349,0.710665,0.715719,0.600000
867.000000,0.719955,0.720253,0.710015,0.710777,0.698253,0.550000
868.000000,0.715199,0.719472,0.709680,0.710405,0.700111,0.320000
869.000000,0.707915,0.717131,0.709197,0.710021,0.691936,0.220000
870.000000,0.700334,0.714790,0.709662,0.709476,0.695652,0.380000
871.000000,0.695652,0.710962,0.709922,0.708733,0.692308,0.360000
872.000000,0.695429,0.707692,0.710386,0.708349,0.697139,0.315000
873.000000,0.693720,0.704459,0.710479,0.707296,0.691564,0.255000
874.000000,0.691193,0.699554,0.709365,0.705698,0.679301,0.350000
875.000000,0.690004,0.695169,0.708231,0.705103,0.689706,0.290000
876.000000,0.688369,0.692010,0.706968,0.704236,0.684132,0.630000
877.000000,0.678410,0.686919,0.703586,0.702316,0.647343,1.090000
878.000000,0.669342,0.681531,0.700502,0.700297,0.646228,0.530000
879.000000,0.666518,0.678855,0.697993,0.699083,0.665180,0.520000
880.000000,0.661390,0.675697,0.695243,0.698340,0.664065,0.485000
881.000000,0.657451,0.672910,0.691936,0.697585,0.664437,0.460000
882.000000,0.657451,0.667930,0.687811,0.696234,0.647343,0.500000
883.000000,0.657748,0.663545,0.684002,0.694835,0.647715,0.408500
884.000000,0.653214,0.659866,0.679710,0.692865,0.642512,0.430000
885.000000,0.651431,0.656410,0.675790,0.690958,0.655147,0.465000
886.000000,0.652323,0.654887,0.673449,0.689607,0.668896,0.434900
887.000000,0.661018,0.659234,0.673077,0.688802,0.690821,0.700000
888.000000,0.666890,0.662319,0.671925,0.687774,0.677072,0.590000
889.000000,0.675437,0.664326,0.671590,0.686771,0.685247,0.380000
890.000000,0.680862,0.666146,0.670922,0.685544,0.682274,0.260000
891.000000,0.682943,0.667633,0.670271,0.683835,0.679301,0.280000
892.000000,0.681903,0.671460,0.669695,0.682361,0.685619,0.490000
893.000000,0.684281,0.675585,0.669565,0.681197,0.688963,0.250000
894.000000,0.683835,0.679636,0.669751,0.679685,0.683017,0.440000
895.000000,0.685916,0.683389,0.669900,0.678323,0.692679,0.600000
896.000000,0.691119,0.687031,0.670959,0.677976,0.705314,0.580000
897.000000,0.694166,0.688034,0.673634,0.678063,0.700855,0.450000
898.000000,0.695726,0.690004,0.676161,0.677951,0.696767,0.280000
899.000000,0.699963,0.691899,0.678112,0.678360,0.704199,0.635000
900.000000,0.695058,0.690487,0.678317,0.677443,0.668153,1.620000
901.000000,0.687477,0.689298,0.678465,0.676613,0.667410,0.375000
902.000000,0.681085,0.687625,0.679543,0.675672,0.668896,0.370000
903.000000,0.675139,0.685433,0.680509,0.674854,0.667038,0.520000
904.000000,0.668376,0.684169,0.681903,0.674557,0.670383,0.270000
905.000000,0.671646,0.683352,0.683370,0.674384,0.684504,0.525000
906.000000,0.674991,0.681234,0.684132,0.674384,0.684132,0.225000
907.000000,0.679747,0.680416,0.684225,0.675895,0.692679,0.460000
908.000000,0.683909,0.679524,0.684764,0.677282,0.687848,0.260000
909.000000,0.690450,0.679413,0.685656,0.678546,0.703084,0.675000
910.000000,0.694537,0.683092,0.686789,0.679908,0.704942,0.260000
911.000000,0.701226,0.688109,0.688703,0.681680,0.717577,0.490000
912.000000,0.705909,0.692828,0.690227,0.683971,0.716091,0.380000
913.000000,0.711037,0.697473,0.691453,0.686164,0.713489,0.440000
914.000000,0.713935,0.702192,0.693181,0.688666,0.717577,0.370000
915.000000,0.716537,0.705537,0.694444,0.690759,0.717949,0.250000
916.000000,0.717131,0.709179,0.695206,0.692481,0.720550,0.305000
917.000000,0.717800,0.711854,0.696135,0.693435,0.719435,0.225000
918.000000,0.720178,0.715608,0.697566,0.695045,0.725381,0.300000
919.000000,0.721739,0.717837,0.698625,0.696383,0.725381,0.220000
920.000000,0.720922,0.718729,0.700910,0.697436,0.713861,0.580000
921.000000,0.720476,0.718803,0.703456,0.698737,0.718320,0.220000
922.000000,0.720178,0.718989,0.705909,0.699814,0.717949,0.260000
923.000000,0.720327,0.720253,0.708863,0.701053,0.726124,0.450000
924.000000,0.720773,0.721256,0.711724,0.702539,0.727611,0.350000
925.000000,0.724638,0.722780,0.714158,0.703890,0.733185,0.300000
926.000000,0.727536,0.724006,0.716592,0.704806,0.732813,0.350000
927.000000,0.731475,0.725827,0.718841,0.706032,0.737644,0.415000
928.000000,0.729023,0.724675,0.720141,0.706602,0.713861,0.660000
929.000000,0.721293,0.721033,0.719435,0.706094,0.688963,1.050000
930.000000,0.713861,0.719249,0.718989,0.707023,0.696024,0.290000
931.000000,0.703456,0.715496,0.717150,0.707469,0.680788,0.620000
932.000000,0.690598,0.711037,0.715013,0.707618,0.673356,0.520000
933.000000,0.682646,0.705834,0.713043,0.707853,0.674099,0.350000
934.000000,0.679450,0.700372,0.710814,0.707940,0.672984,0.450000
935.000000,0.674693,0.694277,0.708528,0.707531,0.672241,0.839900
936.000000,0.671126,0.687291,0.705648,0.706825,0.662951,0.430000
937.000000,0.670085,0.680342,0.703084,0.706008,0.668153,0.800000
938.000000,0.670977,0.676812,0.700743,0.705698,0.678558,0.720000
939.000000,0.674619,0.677035,0.699034,0.705302,0.691193,0.570000
940.000000,0.674173,0.674433,0.696841,0.704137,0.670011,0.580000
941.000000,0.673281,0.672204,0.693850,0.702168,0.658491,0.560000
942.000000,0.669045,0.669565,0.690301,0.699864,0.646971,0.450000
943.000000,0.660944,0.665961,0.685897,0.697349,0.638053,0.380000
944.000000,0.650836,0.662728,0.681550,0.694785,0.640654,0.360000
945.000000,0.643924,0.659049,0.676663,0.692035,0.635452,0.370000
946.000000,0.637533,0.655407,0.671349,0.688901,0.626533,0.595000
947.000000,0.632627,0.650836,0.665589,0.685668,0.622445,0.318600
948.000000,0.628911,0.644928,0.660870,0.682138,0.619472,0.190000
949.000000,0.626459,0.638647,0.657841,0.678905,0.628391,0.320000
950.000000,0.627350,0.635637,0.655035,0.676440,0.639911,0.345000
951.000000,0.628614,0.633073,0.652638,0.673591,0.632850,0.470000
952.000000,0.631661,0.632144,0.650855,0.670915,0.637681,0.340000
953.000000,0.634114,0.631512,0.648737,0.667769,0.631735,0.310000
954.000000,0.636492,0.631475,0.647101,0.664858,0.640282,0.430000
955.000000,0.636195,0.631773,0.645411,0.661699,0.638424,0.410000
956.000000,0.637310,0.632962,0.644184,0.658553,0.638424,0.489000
957.000000,0.638276,0.634968,0.642902,0.655382,0.642512,0.220000
958.000000,0.639168,0.636641,0.640784,0.652793,0.636195,0.480000
959.000000,0.639985,0.638239,0.638443,0.651307,0.644370,0.455000
960.000000,0.641174,0.638685,0.637161,0.649585,0.644370,0.320000
961.000000,0.640877,0.639093,0.636083,0.648123,0.636938,0.590000
962.000000,0.637235,0.637755,0.634950,0.646488,0.624303,0.490000
963.000000,0.635749,0.637458,0.634485,0.644977,0.628763,0.430000
964.000000,0.635377,0.637681,0.634578,0.643961,0.642512,1.485000
965.000000,0.635080,0.638127,0.634950,0.642983,0.642884,0.460000
966.000000,0.635303,0.638090,0.635526,0.642153,0.638053,0.880000
967.000000,0.637533,0.637384,0.636176,0.641063,0.635452,0.865000
968.000000,0.636566,0.636158,0.636399,0.639242,0.623932,0.505000
969.000000,0.633742,0.634560,0.636399,0.637149,0.628391,0.500000
970.000000,0.633148,0.634114,0.636399,0.636145,0.639911,0.440000
971.000000,0.634485,0.634894,0.636994,0.635687,0.644742,0.470000
972.000000,0.645411,0.641472,0.639614,0.637124,0.690078,1.940000
973.000000,0.665106,0.650836,0.644147,0.639936,0.722408,1.145000
974.000000,0.682720,0.658231,0.647956,0.642463,0.716462,0.820000
975.000000,0.696990,0.665069,0.651598,0.644989,0.711260,0.755000
976.000000,0.709327,0.671906,0.654998,0.647653,0.706429,0.460000
977.000000,0.710814,0.678112,0.657748,0.650155,0.697510,0.505000
978.000000,0.707172,0.686139,0.661148,0.652979,0.704199,0.380000
979.000000,0.705091,0.693906,0.664233,0.655568,0.706057,0.180000
980.000000,0.705463,0.701226,0.667670,0.658008,0.713118,0.335000
981.000000,0.709030,0.709179,0.672036,0.661055,0.724266,0.560000
982.000000,0.716314,0.713564,0.677518,0.664264,0.733928,0.700000
983.000000,0.721590,0.714381,0.682609,0.667559,0.730583,0.250000
984.000000,0.720030,0.712560,0.685396,0.669491,0.698253,1.070000
985.000000,0.716760,0.711111,0.688090,0.671436,0.696767,0.570000
986.000000,0.710145,0.709588,0.690747,0.673195,0.691193,0.390000
987.000000,0.703456,0.709885,0.693999,0.675127,0.700483,0.320000
988.000000,0.695652,0.708621,0.697380,0.676973,0.691564,0.350000
989.000000,0.695132,0.707581,0.700743,0.678682,0.695652,0.580000
990.000000,0.697510,0.707135,0.704181,0.680825,0.708658,0.550000
991.000000,0.704645,0.707395,0.708287,0.683823,0.726867,0.575000
992.000000,0.710442,0.706949,0.710256,0.687328,0.729469,0.510000
993.000000,0.716760,0.706206,0.710294,0.690474,0.723151,0.660000
994.000000,0.717503,0.706317,0.709439,0.692370,0.699368,0.670000
995.000000,0.715422,0.706466,0.708789,0.694215,0.698253,0.582400
996.000000,0.708658,0.706652,0.708120,0.696049,0.693051,0.420000
997.000000,0.701524,0.705983,0.707934,0.697993,0.693794,0.510000
998.000000,0.698105,0.707432,0.708027,0.700731,0.706057,0.490000
999.000000,0.698699,0.708101,0.707841,0.703196,0.702341,0.400000
1000.000000,0.697659,0.706540,0.706838,0.704967,0.693051,0.480000
1001.000000,0.698253,0.703456,0.705425,0.706677,0.696024,0.300000
1002.000000,0.695578,0.698551,0.702750,0.706355,0.680416,0.540000
1003.000000,0.690152,0.694129,0.700167,0.704905,0.678930,0.420000
1004.000000,0.685247,0.691973,0.699145,0.703617,0.677815,0.299100
1005.000000,0.681308,0.689483,0.697975,0.702354,0.673356,0.230000
1006.000000,0.677741,0.687997,0.697324,0.701412,0.678187,0.225000
1007.000000,0.675660,0.685619,0.695801,0.700495,0.670011,0.360000
1008.000000,0.674396,0.682274,0.694853,0.699443,0.672612,0.330000
1009.000000,0.674768,0.680007,0.694054,0.698563,0.679673,0.465000
1010.000000,0.670829,0.676068,0.691304,0.696581,0.653660,0.700000
1011.000000,0.664586,0.671163,0.687310,0.694005,0.646971,0.450000
1012.000000,0.661910,0.668785,0.683668,0.691428,0.656633,0.455000
1013.000000,0.661910,0.668153,0.681141,0.689496,0.672612,0.480000
1014.000000,0.659606,0.667187,0.679580,0.688493,0.668153,0.420000
1015.000000,0.661093,0.665961,0.677722,0.687303,0.661093,0.400000
1016.000000,0.660647,0.662616,0.675307,0.685755,0.644742,0.705000
1017.000000,0.654924,0.658417,0.672018,0.683340,0.628019,0.550000
1018.000000,0.646600,0.654255,0.668265,0.681320,0.630992,0.250000
1019.000000,0.638127,0.648867,0.664437,0.678992,0.625790,0.490000
1020.000000,0.633222,0.647157,0.661613,0.676589,0.636566,0.400000
1021.000000,0.630546,0.645596,0.658380,0.673405,0.631364,0.965000
1022.000000,0.631661,0.643292,0.656039,0.670209,0.633593,0.340000
1023.000000,0.631810,0.639205,0.653679,0.667162,0.631735,0.330000
1024.000000,0.633445,0.635786,0.651486,0.664982,0.633965,0.350000
1025.000000,0.632404,0.632813,0.649387,0.662752,0.631364,0.310000
1026.000000,0.632776,0.631661,0.647139,0.660758,0.633222,0.300000
1027.000000,0.633222,0.632441,0.645429,0.658826,0.635823,0.280000
1028.000000,0.633148,0.632479,0.643367,0.656336,0.631364,0.330000
1029.000000,0.633073,0.633259,0.641063,0.654044,0.633593,0.300000
1030.000000,0.634485,0.633445,0.640301,0.652223,0.638424,0.420000
1031.000000,0.636046,0.634411,0.640004,0.650390,0.641026,0.310000
1032.000000,0.636492,0.634857,0.639075,0.648978,0.638053,0.270100
1033.000000,0.640877,0.637012,0.638109,0.648123,0.653289,0.620000
1034.000000,0.647566,0.640320,0.638053,0.647764,0.667038,0.840000
1035.000000,0.655593,0.645039,0.638926,0.647938,0.678558,0.410000
1036.000000,0.661167,0.648606,0.640134,0.647628,0.668896,0.440000
1037.000000,0.667707,0.652100,0.642271,0.647653,0.670754,0.330000
1038.000000,0.672166,0.656522,0.644500,0.647752,0.675585,0.250000
1039.000000,0.671869,0.659718,0.646488,0.647281,0.665552,0.630000
1040.000000,0.676329,0.665961,0.649703,0.648854,0.700855,1.175000
1041.000000,0.682423,0.671795,0.653103,0.650601,0.699368,0.620000
1042.000000,0.681159,0.674433,0.654645,0.650861,0.664437,1.035000
1043.000000,0.673058,0.672612,0.654812,0.649610,0.635080,0.930000
1044.000000,0.668302,0.670085,0.655203,0.648730,0.641769,0.370000
1045.000000,0.656856,0.666592,0.655816,0.648148,0.643627,0.265000
1046.000000,0.643999,0.663211,0.655909,0.647826,0.635080,0.310000
1047.000000,0.638647,0.659903,0.656001,0.648148,0.637681,0.300000
1048.000000,0.639762,0.656410,0.656466,0.648470,0.640654,0.200000
1049.000000,0.638796,0.653549,0.656633,0.648842,0.636938,0.345000
1050.000000,0.638796,0.647826,0.656893,0.649077,0.643627,0.460000
1051.000000,0.639836,0.641918,0.656856,0.649374,0.640282,0.330000
1052.000000,0.640059,0.639353,0.656893,0.649548,0.638796,0.300000
1053.000000,0.643999,0.641880,0.657246,0.650502,0.660349,0.670000
1054.000000,0.650390,0.644593,0.657339,0.651666,0.668896,0.330000
1055.000000,0.652917,0.645857,0.656224,0.652496,0.656262,0.550000
1056.000000,0.656336,0.648086,0.655648,0.653301,0.657376,0.320000
1057.000000,0.663397,0.651728,0.655816,0.654577,0.674099,0.590000
1058.000000,0.667410,0.655704,0.656057,0.656212,0.680416,0.420000
1059.000000,0.671869,0.661130,0.657339,0.658132,0.691193,0.470000
1060.000000,0.678855,0.665886,0.656856,0.659891,0.691193,0.260000
1061.000000,0.685470,0.670903,0.656410,0.661538,0.690450,0.580000
1062.000000,0.692233,0.677815,0.658584,0.663867,0.707915,0.565000
1063.000000,0.698551,0.682980,0.662430,0.665824,0.712003,0.570000
1064.000000,0.703828,0.687848,0.666221,0.667509,0.717577,0.480000
1065.000000,0.705240,0.692048,0.668952,0.668165,0.698253,0.710000
1066.000000,0.709922,0.697696,0.672891,0.669664,0.713861,0.590000
1067.000000,0.711037,0.701635,0.676682,0.671089,0.713489,0.401900
1068.000000,0.714530,0.706540,0.681122,0.672885,0.729469,0.590000
1069.000000,0.717651,0.710740,0.685935,0.675139,0.733185,0.305000
1070.000000,0.724786,0.715013,0.690450,0.676242,0.733928,1.030000
1071.000000,0.727313,0.718618,0.694760,0.677146,0.726496,0.340000
1072.000000,0.729394,0.720216,0.699015,0.679128,0.723894,0.420000
1073.000000,0.730063,0.722297,0.702638,0.682386,0.732813,0.424900
1074.000000,0.728874,0.723263,0.705556,0.685235,0.727239,0.220000
1075.000000,0.728279,0.726533,0.709290,0.688146,0.730955,0.340000
1076.000000,0.729766,0.728540,0.713118,0.691441,0.733928,0.465000
1077.000000,0.731029,0.730212,0.715923,0.694525,0.730212,0.300000
1078.000000,0.729766,0.729915,0.718227,0.697386,0.726496,0.500000
1079.000000,0.725381,0.727127,0.718933,0.699666,0.705314,0.870000
1080.000000,0.721962,0.725121,0.720067,0.702007,0.713861,0.490000
1081.000000,0.718023,0.723894,0.721256,0.704472,0.714233,0.255000
1082.000000,0.718320,0.724675,0.722445,0.707568,0.731698,0.540000
1083.000000,0.720030,0.724898,0.723597,0.710058,0.735043,0.360000
1084.000000,0.728279,0.726830,0.725046,0.712647,0.746563,0.585000
1085.000000,0.732887,0.727425,0.726979,0.715335,0.736901,0.570000
1086.000000,0.746117,0.732070,0.730305,0.719435,0.780379,1.470000
1087.000000,0.756373,0.737347,0.733779,0.723065,0.782980,0.350000
1088.000000,0.770569,0.745299,0.737607,0.727251,0.806020,1.040000
1089.000000,0.784318,0.756299,0.741713,0.731389,0.815310,0.559900
1090.000000,0.798662,0.765775,0.745448,0.735303,0.808621,0.530000
1091.000000,0.804682,0.775399,0.749647,0.739304,0.810479,0.399900
1092.000000,0.808547,0.782460,0.753567,0.742450,0.802304,0.400000
1093.000000,0.804980,0.787774,0.756336,0.744989,0.788183,0.700000
1094.000000,0.799851,0.792085,0.759457,0.747393,0.789669,0.260000
1095.000000,0.797993,0.798328,0.762876,0.750762,0.799331,0.540000
1096.000000,0.799554,0.802118,0.767094,0.754243,0.818283,0.700000
1097.000000,0.802304,0.805425,0.771386,0.757661,0.816054,0.460000
1098.000000,0.806094,0.805537,0.775418,0.760250,0.807135,0.290000
1099.000000,0.807432,0.803642,0.779970,0.762356,0.796358,0.570000
1100.000000,0.805277,0.801635,0.783705,0.764177,0.788554,0.355000
1101.000000,0.796878,0.798216,0.786808,0.765837,0.776291,0.610000
1102.000000,0.786696,0.794500,0.788480,0.767212,0.765143,0.415000
1103.000000,0.774805,0.790450,0.789112,0.767707,0.747677,0.811900
1104.000000,0.766035,0.786734,0.789409,0.768549,0.752508,0.290000
1105.000000,0.756745,0.781011,0.789669,0.768921,0.742103,0.310000
1106.000000,0.752360,0.774619,0.788369,0.769602,0.754366,0.510000
1107.000000,0.749907,0.768302,0.786864,0.770358,0.752880,0.320000
1108.000000,0.752285,0.763545,0.784541,0.771460,0.759569,0.730000
1109.000000,0.750279,0.758157,0.780899,0.772699,0.742475,0.740000
1110.000000,0.750725,0.753735,0.777685,0.773715,0.744333,0.250000
1111.000000,0.751319,0.751839,0.775028,0.775152,0.757339,0.440000
1112.000000,0.752954,0.751431,0.772965,0.776130,0.761055,0.340000
1113.000000,0.753475,0.752880,0.771665,0.777035,0.762170,0.295000
1114.000000,0.757711,0.753995,0.770364,0.777604,0.763657,0.420000
1115.000000,0.760832,0.755779,0.768395,0.778372,0.759941,0.305000
1116.000000,0.764103,0.757711,0.766165,0.778149,0.773690,0.770000
1117.000000,0.770197,0.761576,0.764939,0.778434,0.791527,0.710000
1118.000000,0.778447,0.765961,0.764753,0.778348,0.803419,0.480000
1119.000000,0.782386,0.770048,0.764103,0.777282,0.783352,0.610000
1120.000000,0.786919,0.773876,0.763805,0.776415,0.782609,0.555000
1121.000000,0.785730,0.774916,0.763378,0.774991,0.767744,0.570000
1122.000000,0.784467,0.777332,0.764381,0.774421,0.785210,0.730000
1123.000000,0.781420,0.779933,0.766407,0.774421,0.788183,0.605000
1124.000000,0.777555,0.779970,0.766983,0.773566,0.764028,0.750000
1125.000000,0.771832,0.779376,0.767577,0.772055,0.753995,0.436200
1126.000000,0.773616,0.779673,0.768692,0.770668,0.776663,0.900000
1127.000000,0.770420,0.777443,0.769509,0.769107,0.769231,0.270000
1128.000000,0.768339,0.774879,0.770420,0.768128,0.777778,0.340000
1129.000000,0.772798,0.775177,0.772612,0.767794,0.786325,0.320000
1130.000000,0.777852,0.774842,0.774359,0.767484,0.779264,0.475000
1131.000000,0.780082,0.776849,0.775883,0.767868,0.787811,0.470000
1132.000000,0.784021,0.777220,0.777276,0.768661,0.788926,0.405000
1133.000000,0.787217,0.777778,0.778855,0.770197,0.793757,0.290000
1134.000000,0.787737,0.780268,0.780119,0.771411,0.788926,0.590000
1135.000000,0.789000,0.783426,0.781401,0.772860,0.785582,0.340000
1136.000000,0.788703,0.784392,0.782033,0.773925,0.786325,0.295000
1137.000000,0.787737,0.785879,0.781661,0.774966,0.784095,0.390000
1138.000000,0.787514,0.787365,0.781122,0.776068,0.792642,0.360000
1139.000000,0.788703,0.788220,0.781698,0.777815,0.794872,0.380000
1140.000000,0.790784,0.789892,0.782367,0.779537,0.795987,0.500000
1141.000000,0.790412,0.789558,0.783203,0.780441,0.784467,0.440000
1142.000000,0.790041,0.788889,0.783055,0.781147,0.782237,0.280000
1143.000000,0.786919,0.787217,0.782497,0.781643,0.777035,0.400000
1144.000000,0.785953,0.787328,0.783798,0.782522,0.790041,0.740000
1145.000000,0.784987,0.787886,0.785656,0.783562,0.791156,0.425000
1146.000000,0.785359,0.787886,0.786139,0.783984,0.786325,0.340000
1147.000000,0.782088,0.786065,0.785972,0.783129,0.765886,0.715000
1148.000000,0.781048,0.783984,0.785674,0.782076,0.771832,0.510000
1149.000000,0.760758,0.773356,0.780788,0.778917,0.688592,2.610000
1150.000000,0.738759,0.761873,0.775883,0.775536,0.681159,0.380000
1151.000000,0.712152,0.748755,0.769156,0.771721,0.653289,1.110000
1152.000000,0.688517,0.735303,0.762096,0.767137,0.647715,0.490000
1153.000000,0.665552,0.723300,0.755258,0.762765,0.657005,0.500000
1154.000000,0.656708,0.708733,0.748030,0.758776,0.644370,0.590000
1155.000000,0.646451,0.692605,0.740245,0.754639,0.629877,0.605000
1156.000000,0.643330,0.677741,0.732813,0.750006,0.637681,0.580000
1157.000000,0.641769,0.665143,0.725604,0.745696,0.639911,0.310000
1158.000000,0.639242,0.652397,0.718190,0.741249,0.644370,0.440000
1159.000000,0.638796,0.647752,0.710554,0.736442,0.642140,0.310000
1160.000000,0.641472,0.643961,0.702917,0.731909,0.643255,0.260000
1161.000000,0.643478,0.643404,0.696080,0.727239,0.647715,0.420000
1162.000000,0.645262,0.643515,0.689409,0.722569,0.648829,0.390000
1163.000000,0.645708,0.642475,0.682887,0.717664,0.646600,0.280000
1164.000000,0.648978,0.643887,0.676310,0.713316,0.658491,0.605000
1165.000000,0.651133,0.646302,0.669454,0.708931,0.654032,0.410000
1166.000000,0.653437,0.648458,0.663099,0.704695,0.659234,0.380000
1167.000000,0.652025,0.648644,0.656893,0.699950,0.641769,0.540000
1168.000000,0.650465,0.648086,0.650242,0.694822,0.638796,0.365000
1169.000000,0.646525,0.647752,0.647752,0.689620,0.638796,0.325000
1170.000000,0.642661,0.646897,0.645429,0.684244,0.634708,0.300000
1171.000000,0.640059,0.646748,0.645076,0.679636,0.646228,0.520000
1172.000000,0.639019,0.645522,0.644519,0.674780,0.636566,0.510000
1173.000000,0.636343,0.643404,0.642939,0.669726,0.625418,0.515000
1174.000000,0.634262,0.640394,0.642140,0.664338,0.628391,0.360000
1175.000000,0.633742,0.638201,0.642252,0.659036,0.632107,0.265000
1176.000000,0.632256,0.636158,0.642308,0.654119,0.638796,0.305000
1177.000000,0.632256,0.635637,0.642140,0.649808,0.636566,0.405000
1178.000000,0.630472,0.633408,0.640747,0.644630,0.616499,0.630000
1179.000000,0.626459,0.630360,0.639056,0.641955,0.608324,0.500000
1180.000000,0.624378,0.629060,0.637978,0.639973,0.621702,0.715000
1181.000000,0.621999,0.627127,0.636938,0.639093,0.626904,0.435000
1182.000000,0.622891,0.627573,0.636548,0.638870,0.641026,0.490000
1183.000000,0.630100,0.630286,0.636845,0.638722,0.652546,0.830000
1184.000000,0.635823,0.631141,0.635767,0.638474,0.636938,0.520000
1185.000000,0.639168,0.631773,0.634987,0.638759,0.638424,0.500000
1186.000000,0.638647,0.630323,0.633240,0.638313,0.624303,0.560000
1187.000000,0.635526,0.629208,0.632423,0.637830,0.625418,0.560000
1188.000000,0.631661,0.630881,0.632144,0.637458,0.633222,0.270000
1189.000000,0.630175,0.632999,0.631680,0.637037,0.629506,0.280000
1190.000000,0.630621,0.634894,0.631977,0.636950,0.640654,0.450000
1191.000000,0.635006,0.636826,0.631977,0.636901,0.646228,0.440000
1192.000000,0.638127,0.636826,0.632200,0.636641,0.641026,0.350000
1193.000000,0.640951,0.636306,0.633296,0.636665,0.647343,0.440000
1194.000000,0.645188,0.637681,0.634411,0.636405,0.650687,0.375000
1195.000000,0.647863,0.639242,0.635507,0.636405,0.654032,0.430000
1196.000000,0.649721,0.642363,0.636343,0.636281,0.655518,0.300000
1197.000000,0.649127,0.643627,0.636418,0.636158,0.638053,0.650000
1198.000000,0.645931,0.643441,0.637161,0.635910,0.631364,0.460000
1199.000000,0.644593,0.644890,0.638945,0.636083,0.643999,0.465000
1200.000000,0.644296,0.646080,0.640487,0.636678,0.652546,0.390000
1201.000000,0.641992,0.645857,0.641342,0.636603,0.643999,0.410000
1202.000000,0.644890,0.647009,0.641918,0.637136,0.652546,0.340000
1203.000000,0.649201,0.647566,0.641936,0.638053,0.652917,0.220000
1204.000000,0.652025,0.648309,0.642995,0.639044,0.658120,0.540000
1205.000000,0.652546,0.648421,0.643831,0.639812,0.655147,0.285000
1206.000000,0.653883,0.647938,0.645151,0.640208,0.650687,0.460000
1207.000000,0.656856,0.650873,0.647250,0.641236,0.667410,0.720000
1208.000000,0.658343,0.653772,0.648606,0.642698,0.660349,0.590000
1209.000000,0.660870,0.656447,0.650669,0.644779,0.670754,0.395000
1210.000000,0.663694,0.658120,0.652100,0.646364,0.669268,0.470000
1211.000000,0.663842,0.658863,0.652360,0.647182,0.651431,0.560000
1212.000000,0.661687,0.659272,0.653140,0.647702,0.656633,0.320000
1213.000000,0.659829,0.659086,0.653326,0.647653,0.651059,0.480000
1214.000000,0.657822,0.659346,0.653828,0.648445,0.660721,0.410000
1215.000000,0.657599,0.660647,0.654534,0.649436,0.668153,0.420000
1216.000000,0.660721,0.662282,0.655110,0.650861,0.667038,0.400000
1217.000000,0.661538,0.661613,0.656243,0.652038,0.660721,0.490000
1218.000000,0.662133,0.660981,0.657376,0.652731,0.654032,0.390000
1219.000000,0.658566,0.658194,0.657321,0.653177,0.642884,0.510000
1220.000000,0.653512,0.655556,0.656838,0.653252,0.642884,1.280000
1221.000000,0.646005,0.653363,0.656113,0.652694,0.629506,0.690000
1222.000000,0.636715,0.649127,0.654199,0.651802,0.614270,0.535000
1223.000000,0.631735,0.646934,0.653010,0.651195,0.629134,0.710000
1224.000000,0.629654,0.644110,0.651728,0.650588,0.632479,0.310000
1225.000000,0.627276,0.640394,0.650520,0.649820,0.630992,0.330000
1226.000000,0.628540,0.637272,0.649777,0.649164,0.635823,0.360000
1227.000000,0.637607,0.637161,0.649387,0.649882,0.659606,0.970000
1228.000000,0.643776,0.637755,0.649368,0.650836,0.659978,0.380000
1229.000000,0.649424,0.639539,0.648867,0.651394,0.660721,0.220000
1230.000000,0.659012,0.643144,0.649350,0.652273,0.678930,0.530000
1231.000000,0.684504,0.656522,0.654942,0.656249,0.763285,3.210000
1232.000000,0.707395,0.672501,0.660814,0.660300,0.774062,0.890000
1233.000000,0.724935,0.684355,0.665645,0.663458,0.747677,0.920000
1234.000000,0.745151,0.697287,0.670699,0.666914,0.761799,0.510000
1235.000000,0.758826,0.708919,0.674656,0.669986,0.747306,0.640000
1236.000000,0.760832,0.722668,0.679970,0.674074,0.773318,1.000000
1237.000000,0.764846,0.736120,0.686641,0.678298,0.794129,0.930000
1238.000000,0.774879,0.749907,0.693831,0.682881,0.797845,0.630000
1239.000000,0.781791,0.763471,0.701505,0.687068,0.796358,0.620000
1240.000000,0.796953,0.777889,0.710517,0.692196,0.823114,1.030000
1241.000000,0.808919,0.784876,0.720699,0.698253,0.833148,0.890000
1242.000000,0.811594,0.788220,0.730360,0.703283,0.807507,0.850000
1243.000000,0.813378,0.794129,0.739242,0.708473,0.806763,0.380000
1244.000000,0.814493,0.798142,0.747715,0.713180,0.801932,0.450000
1245.000000,-1234.000000,-1234.000000,-1234.000000,-1234.000000,-1234.000000,-1234.000000
