order_book_id,date,limit_up,num_trades,close,high,volume,limit_down,open,low,total_turnover,turnover_rate
601233.XSHG,2016-01-04,30.2675,6776.0,24.9754,27.6319,6611454.0,24.7662,27.4645,24.808,168900749.0,1.3722
601233.XSHG,2016-01-05,27.4645,10845.0,25.2891,25.5192,8151585.0,22.4862,24.4106,23.8668,194019181.0,1.6919
601233.XSHG,2016-01-06,27.8201,6090.0,25.8748,26.084,4650524.5,22.7581,25.1218,25.1009,113568431.0,0.9652
601233.XSHG,2016-01-07,28.4686,1778.0,23.3438,25.3101,1487400.0,23.2811,25.3101,23.2811,34367310.0,0.3087
601233.XSHG,2016-01-08,25.6866,7208.0,23.5948,24.2223,6115828.5,21.0011,24.055,22.4025,137548050.0,1.2694
601233.XSHG,2016-01-11,25.9585,6065.0,21.9424,23.8668,5955212.5,21.2312,23.5948,21.6077,130998203.0,1.236
601233.XSHG,2016-01-12,24.1387,4632.0,22.026,22.3189,3465001.0,19.746,21.9214,21.4403,72778246.0,0.7192
601233.XSHG,2016-01-13,24.2223,4576.0,20.8546,22.4444,3283420.0,19.8297,22.026,20.771,67990214.0,0.6815
601233.XSHG,2016-01-14,22.9464,6193.0,21.6495,21.8587,4151393.5,18.7629,19.9134,19.8924,82845479.0,0.8616
601233.XSHG,2016-01-15,23.8249,6113.0,19.8297,21.5449,4443907.5,19.495,21.3357,19.495,87112384.0,0.9224
601233.XSHG,2016-01-18,21.8168,5121.0,19.997,20.52,3805808.5,17.8425,19.4113,19.244,72709425.0,0.7899
601233.XSHG,2016-01-19,22.0051,6212.0,21.1893,21.4403,4841170.5,17.989,20.3108,20.018,96343652.0,1.0048
601233.XSHG,2016-01-20,23.302,7618.0,20.9802,21.7541,5805436.5,19.0767,21.1684,20.6873,117911305.0,1.2049
601233.XSHG,2016-01-21,23.0719,5371.0,19.8297,21.2521,4087175.0,18.8884,20.6036,19.7879,80403506.0,0.8483
601233.XSHG,2016-01-22,21.8168,4845.0,20.4363,20.4991,3793207.0,17.8425,20.1435,19.7879,73336461.0,0.7873
601233.XSHG,2016-01-25,22.4862,12801.0,22.4862,22.4862,12585067.5,18.3864,20.8546,20.8546,267691341.0,2.6121
601233.XSHG,2016-01-26,24.7453,13751.0,20.269,22.0888,12631792.0,20.248,21.7123,20.248,256377824.0,2.6218
601233.XSHG,2016-01-27,22.2979,16070.0,21.3357,21.5449,11899993.5,18.24,20.3945,19.7669,237951910.0,2.4699
601233.XSHG,2016-01-28,23.4693,10841.0,21.0011,21.9214,10447509.5,19.2022,21.1475,20.7919,213951600.0,2.1684
601233.XSHG,2016-01-29,23.0928,10192.0,21.8587,22.1724,10201454.5,18.9093,21.0847,20.9383,212141836.0,2.1174
601233.XSHG,2016-02-01,24.055,7502.0,21.8796,22.1306,7031929.0,19.6833,21.6286,21.0429,145436955.0,1.4595
601233.XSHG,2016-02-02,24.0759,9488.0,22.4653,22.4862,9554471.0,19.6833,21.775,21.3357,201560453.0,1.9831
601233.XSHG,2016-02-03,24.7034,8998.0,21.6913,21.9424,7066724.5,20.2271,21.7959,21.1057,145336408.0,1.4667
601233.XSHG,2016-02-04,23.8668,14872.0,22.7163,23.8668,14262114.0,19.5159,22.4862,22.4025,316840800.0,2.9602
601233.XSHG,2016-02-05,24.9963,6927.0,22.9255,23.5112,5639068.5,20.4363,23.4484,22.7163,124542742.0,1.1704
601233.XSHG,2016-02-15,25.2264,7930.0,23.2601,23.6367,5747060.5,20.6246,22.3189,21.8587,125025382.0,1.1928
601233.XSHG,2016-02-16,25.582,11482.0,24.4315,24.9963,7046132.5,20.9383,23.0091,23.0091,164643871.0,1.4625
601233.XSHG,2016-02-17,26.8789,7388.0,24.2014,24.5152,5803943.5,21.9842,24.055,23.6367,133384813.0,1.2046
601233.XSHG,2016-02-18,26.6279,12599.0,24.9545,26.6279,10435067.0,21.775,24.8499,24.5989,256495995.0,2.1659
601233.XSHG,2016-02-19,27.4436,5766.0,25.0172,25.5192,3875689.0,22.4653,24.306,24.1178,92861287.0,0.8044
601233.XSHG,2016-02-22,27.5273,5670.0,25.4565,26.0422,4165173.5,22.5071,25.3101,25.08,101777389.0,0.8645
601233.XSHG,2016-02-23,28.0084,13443.0,26.7534,27.9875,9609280.0,22.9046,26.0631,26.0631,248901331.0,1.9945
601233.XSHG,2016-02-24,29.4308,9356.0,27.4855,27.8201,6019600.5,24.0759,26.3559,25.9376,155092750.0,1.2494
601233.XSHG,2016-02-25,30.2256,11322.0,24.7453,27.4855,8723900.5,24.7453,27.4645,24.7453,218713537.0,1.8107
601233.XSHG,2016-02-26,27.2135,11476.0,26.5233,26.9416,7453375.5,22.277,25.0172,25.0172,186323414.0,1.547
601233.XSHG,2016-02-29,29.1798,15638.0,27.2763,28.2385,12460532.5,23.8668,26.1677,24.055,318707083.0,2.5862
601233.XSHG,2016-03-01,29.9956,14728.0,27.109,28.7196,16547474.5,24.557,27.2763,25.9376,438703169.0,3.4345
601233.XSHG,2016-03-02,29.8282,16588.0,28.1757,28.6568,15285841.0,24.3897,26.7743,26.5233,406239474.0,3.1727
601233.XSHG,2016-03-03,30.9996,17204.0,27.6528,29.2216,11803263.0,25.3519,28.0293,27.2345,320232575.0,2.4498
601233.XSHG,2016-03-04,30.4139,11536.0,26.1258,28.0502,7293433.5,24.8917,27.4645,25.7284,186472060.0,1.5138
601233.XSHG,2016-03-07,28.7405,7301.0,27.0462,27.611,5810368.5,23.5112,26.9834,26.2513,150270950.0,1.206
601233.XSHG,2016-03-08,29.7445,13810.0,28.0084,28.4477,10903735.0,24.3479,27.7156,26.8789,286975888.0,2.2631
601233.XSHG,2016-03-09,30.8113,14265.0,25.4983,26.6697,10209221.0,25.2055,26.586,25.2055,253920745.0,2.119
601233.XSHG,2016-03-10,28.0502,11769.0,24.055,26.0631,8677889.0,22.9464,25.7493,23.4902,202400981.0,1.8011
601233.XSHG,2016-03-11,26.4605,5620.0,23.804,24.3897,4059903.0,21.6495,23.5948,23.2601,92189726.0,0.8427
601233.XSHG,2016-03-14,26.1886,8150.0,24.5989,25.331,4532544.0,21.4194,24.0968,24.0968,107123120.0,0.9408
601233.XSHG,2016-03-15,27.0671,6894.0,23.6994,24.6616,5339641.5,22.1306,24.6616,23.4902,122039714.0,1.1083
601233.XSHG,2016-03-16,26.0631,6191.0,23.1346,24.0132,4119816.5,21.3357,23.6994,22.9673,91704745.0,0.8551
601233.XSHG,2016-03-17,25.4565,9663.0,24.4524,24.7453,7096637.5,20.8128,23.6367,23.6367,165078726.0,1.4729
601233.XSHG,2016-03-18,26.8998,10940.0,25.8748,26.1468,7558110.0,22.0051,24.6198,24.6198,185505793.0,1.5687
601233.XSHG,2016-03-21,28.4686,12097.0,26.1468,26.3141,9195321.5,23.2811,26.1468,25.5401,227409719.0,1.9085
601233.XSHG,2016-03-22,28.7614,9868.0,25.6447,26.0631,6835791.5,23.5321,25.8539,25.1636,166917745.0,1.4188
601233.XSHG,2016-03-23,28.2176,8424.0,25.2473,25.6866,5978049.5,23.0719,25.6447,24.7034,143683933.0,1.2408
601233.XSHG,2016-03-24,27.7783,18292.0,24.0132,24.8499,14402798.0,22.7163,24.4943,23.6367,331428211.0,2.9894
601233.XSHG,2016-03-25,26.4187,8329.0,24.2433,24.2642,5740044.5,21.6077,23.804,23.6367,131445861.0,1.1914
601233.XSHG,2016-03-28,26.6697,9789.0,23.8249,24.5779,7018205.0,21.8168,24.2642,23.7622,162407024.0,1.4567
601233.XSHG,2016-03-29,26.2095,8624.0,23.1974,23.7622,6008443.0,21.4403,23.5948,23.0091,133372525.0,1.2471
601233.XSHG,2016-03-30,25.5192,11822.0,24.4106,24.4315,9135893.5,20.8756,23.4275,23.3857,208446122.0,1.8962
601233.XSHG,2016-03-31,26.8579,9550.0,24.2433,24.5989,7308905.5,21.9633,24.5779,23.8877,169029208.0,1.517
601233.XSHG,2016-04-01,26.6697,17574.0,25.2891,25.3728,13420616.5,21.8168,24.2433,24.055,317870538.0,2.7855
601233.XSHG,2016-04-05,27.8201,15337.0,25.7075,26.0422,9962301.5,22.7581,25.08,24.5989,243040874.0,2.0677
601233.XSHG,2016-04-06,28.2803,9386.0,25.4565,25.833,5891811.0,23.1346,25.5192,25.2055,143598389.0,1.2229
601233.XSHG,2016-04-07,28.0084,10792.0,25.4774,26.1677,7230919.0,22.9046,25.7075,25.3728,178155755.0,1.5008
601233.XSHG,2016-04-08,28.0293,9541.0,24.7034,25.4565,6779338.5,22.9255,25.1218,24.055,159178663.0,1.4071
601233.XSHG,2016-04-11,27.1717,14152.0,25.6238,26.0422,9304971.5,22.2352,25.1427,25.1427,228740797.0,1.9313
601233.XSHG,2016-04-12,28.1967,9009.0,25.6238,25.8748,5902274.5,23.0719,25.8539,24.7871,141906077.0,1.225
601233.XSHG,2016-04-13,28.1967,12225.0,28.1967,28.1967,21436818.5,23.0719,26.5651,26.5651,575070798.0,4.4493
601233.XSHG,2016-04-14,31.0205,18522.0,27.6737,28.8242,19189369.0,25.3728,28.8242,27.0253,505221866.0,3.9828
601233.XSHG,2016-04-15,30.4348,13290.0,27.3809,27.6737,8172824.5,24.9126,27.4645,26.9834,212591587.0,1.6963
601233.XSHG,2016-04-18,30.1211,9015.0,26.4814,26.7324,8521829.5,24.6407,26.4605,26.2304,216096356.0,1.7687
601233.XSHG,2016-04-19,29.1379,7141.0,26.5023,27.088,6973478.5,23.8249,26.3978,26.1258,177077293.0,1.4474
601233.XSHG,2016-04-20,29.1589,16909.0,25.8121,27.9666,14811282.5,23.8458,26.8998,24.5989,378390808.0,3.0742
601233.XSHG,2016-04-21,28.3849,17316.0,27.2135,27.7783,14335761.0,23.2392,26.1886,26.1468,371786159.0,2.9755
601233.XSHG,2016-04-22,29.9328,9842.0,27.1926,27.5901,8434292.5,24.4943,26.4814,26.0631,217114129.0,1.7506
601233.XSHG,2016-04-25,29.9119,10833.0,27.9456,27.9875,8327889.0,24.4734,27.1926,26.8161,218168430.0,1.7285
601233.XSHG,2016-04-26,30.7486,9526.0,28.0084,28.3431,6738361.5,25.1427,28.0084,27.4018,179118786.0,1.3986
601233.XSHG,2016-04-27,30.8113,8009.0,27.2554,28.4058,4873994.0,25.2055,28.2385,27.088,128405426.0,1.0116
601233.XSHG,2016-04-28,29.9746,7068.0,27.2345,28.0084,4963255.0,24.5361,27.4018,26.4396,127726191.0,1.0301
601233.XSHG,2016-04-29,29.9537,5915.0,26.3978,27.4227,4279902.0,24.5152,26.9416,26.3768,109767885.0,0.8883
601233.XSHG,2016-05-03,29.0334,5927.0,26.9834,27.1299,5679364.5,23.7622,26.1886,26.0422,145537471.0,1.1788
601233.XSHG,2016-05-04,29.6818,7648.0,26.837,27.4645,5080657.5,24.2851,27.2345,26.7115,131457194.0,1.0545
601233.XSHG,2016-05-05,29.5145,10597.0,26.4396,26.9207,8317521.5,24.1596,26.8789,25.9167,208895871.0,1.7263
601233.XSHG,2016-05-06,29.0752,10230.0,25.1218,26.4187,7267445.0,23.804,26.3141,25.08,179631847.0,1.5084
601233.XSHG,2016-05-09,27.6319,9590.0,23.6994,24.6825,8194375.0,22.6117,24.6825,23.2811,186569998.0,1.7008
601233.XSHG,2016-05-10,26.0631,7523.0,23.6576,24.0968,4820585.0,21.3357,23.6785,23.4484,109303092.0,1.0005
601233.XSHG,2016-05-11,26.0212,7102.0,23.0928,23.9713,5668222.0,21.2939,23.8249,23.0301,127395264.0,1.1765
601233.XSHG,2016-05-12,25.3937,8473.0,23.302,23.5948,7351999.5,20.7919,22.9255,22.3398,162420695.0,1.5259
601233.XSHG,2016-05-13,25.6238,6836.0,23.4066,24.0968,5130477.0,20.9802,23.3229,23.0091,115928297.0,1.0649
601233.XSHG,2016-05-16,25.7493,5424.0,23.6576,23.7203,4213733.5,21.0638,23.2601,22.9255,94013463.0,0.8746
601233.XSHG,2016-05-17,26.0212,14988.0,24.3688,25.3937,11494456.0,21.2939,23.9086,23.9086,270339515.0,2.3857
601233.XSHG,2016-05-18,26.8161,9841.0,23.1974,24.3897,7576759.5,21.9424,24.055,22.9464,169682699.0,1.5726
601233.XSHG,2016-05-19,25.5192,7132.0,23.4902,23.6367,4213504.5,20.8756,23.2811,23.0301,94593664.0,0.8745
601233.XSHG,2016-05-20,25.833,4122.0,23.553,23.6576,2985089.5,21.1475,23.1137,23.0301,66945306.0,0.6196
601233.XSHG,2016-05-23,25.9167,7975.0,24.3269,24.5361,5239856.5,21.1893,23.7412,23.7203,120717088.0,1.0876
601233.XSHG,2016-05-24,26.7534,6108.0,24.3479,24.4315,4984164.0,21.9005,24.4315,23.6367,114401241.0,1.0345
601233.XSHG,2016-05-25,26.7743,4974.0,24.1805,24.6825,3697192.5,21.9214,24.3688,23.9504,85797575.0,0.7674
601233.XSHG,2016-05-26,26.6069,4454.0,24.2223,24.3269,3064664.0,21.7541,24.1805,23.6576,70461022.0,0.6361
601233.XSHG,2016-05-27,26.6488,8001.0,23.7831,24.3479,3854039.5,21.7959,23.9923,23.4902,88060859.0,0.7999
601233.XSHG,2016-05-30,26.1677,3930.0,23.5739,23.7831,2235668.5,21.3985,23.553,23.2183,50314350.0,0.464
601233.XSHG,2016-05-31,25.9376,7903.0,24.4106,24.4315,7209417.5,21.2102,23.6576,23.5948,166406083.0,1.4964
601233.XSHG,2016-06-01,26.8579,7604.0,24.2014,24.557,6261946.0,21.9633,24.4106,24.1178,145450684.0,1.2997
601233.XSHG,2016-06-02,26.6279,8977.0,24.306,24.3269,4747055.5,21.775,24.0759,23.9086,109433885.0,0.9853
601233.XSHG,2016-06-03,26.7324,6529.0,24.2851,24.4106,5328980.5,21.8796,24.2433,24.1596,123833672.0,1.1061
601233.XSHG,2016-06-06,26.7115,6793.0,23.8877,24.3688,6440466.0,21.8587,24.2851,23.7412,147549608.0,1.3368
601233.XSHG,2016-06-07,26.2723,5980.0,23.8458,24.0132,5012789.0,21.5031,23.9295,23.4275,113509748.0,1.0404
601233.XSHG,2016-06-08,26.2304,4494.0,23.6367,23.7831,3263105.5,21.4613,23.7622,23.4693,73709816.0,0.6773
601233.XSHG,2016-06-13,26.0003,6669.0,22.779,23.4902,4707737.0,21.273,23.4275,22.7581,104457100.0,0.9771
601233.XSHG,2016-06-14,25.059,4267.0,22.8836,23.1974,2656537.5,20.4991,22.5699,22.528,57977897.0,0.5514
601233.XSHG,2016-06-15,25.1636,5814.0,23.2183,23.3647,4322659.5,20.6036,22.6326,22.6117,95637158.0,0.8972
601233.XSHG,2016-06-16,25.5401,7423.0,22.6117,23.2811,6429048.0,20.8965,23.2183,22.4862,139809905.0,1.3344
601233.XSHG,2016-06-17,24.8708,7765.0,22.5699,22.8,6387117.5,20.3526,22.6117,22.3816,137918365.0,1.3257
601233.XSHG,2016-06-20,24.829,6399.0,22.5699,22.9255,6544708.5,20.3108,22.5908,22.528,141735409.0,1.3584
601233.XSHG,2016-06-21,24.829,6738.0,22.6117,23.051,5651438.5,20.3108,22.8418,22.4235,122883339.0,1.173
601233.XSHG,2016-06-22,24.8708,4088.0,22.8,22.8,3453096.0,20.3526,22.6745,22.3607,74660696.0,0.7167
601233.XSHG,2016-06-23,25.08,5648.0,23.0091,23.1137,4337835.0,20.52,22.8,22.549,94642849.0,0.9003
601233.XSHG,2016-06-24,25.3101,8658.0,22.3398,23.1346,7444608.5,20.7082,23.0719,21.7332,160516309.0,1.5452
601233.XSHG,2016-06-27,24.5779,5156.0,22.6535,22.7163,4682332.5,20.1016,22.1515,22.0679,100318556.0,0.9718
601233.XSHG,2016-06-28,24.9126,5410.0,22.7372,22.7372,4788711.0,20.3945,22.4862,22.3607,103299851.0,0.9939
601233.XSHG,2016-06-29,25.0172,6950.0,22.9046,23.3857,5805213.5,20.4572,23.0091,22.8,128108036.0,1.2049
601233.XSHG,2016-06-30,25.2055,5130.0,22.7163,23.1137,4864888.5,20.6246,23.0091,22.5071,105828988.0,1.0097
601233.XSHG,2016-07-01,24.9963,4394.0,22.7163,22.9464,3501204.5,20.4363,22.8209,22.549,76065078.0,0.7267
601233.XSHG,2016-07-04,24.9963,15178.0,23.8458,24.4734,13547997.5,20.4363,22.5908,22.5908,306747593.0,2.812
601233.XSHG,2016-07-05,26.2304,12656.0,23.9295,24.7453,11241942.5,21.4613,24.2642,23.8458,261606438.0,2.3333
601233.XSHG,2016-07-06,26.3141,6255.0,23.8249,23.9086,4982309.5,21.5449,23.7412,23.553,112985968.0,1.0341
601233.XSHG,2016-07-07,26.2095,6714.0,23.9086,24.3269,5649766.5,21.4403,23.8668,23.6785,129487126.0,1.1726
601233.XSHG,2016-07-08,26.2932,5430.0,23.804,24.1596,4315842.5,21.524,23.7412,23.5739,98237291.0,0.8958
601233.XSHG,2016-07-11,26.1886,9651.0,23.5112,23.9295,5660538.5,21.4194,23.8458,23.4484,128270959.0,1.1749
601233.XSHG,2016-07-12,25.8539,9903.0,23.9504,23.9923,5834719.5,21.1684,23.6157,23.3438,131961412.0,1.211
601233.XSHG,2016-07-13,26.3559,8012.0,24.2433,24.5779,8094088.5,21.5658,24.1596,24.1387,188237163.0,1.68
601233.XSHG,2016-07-14,26.6697,6177.0,24.4734,24.4734,5510055.5,21.8168,24.1387,24.1387,128142484.0,1.1436
601233.XSHG,2016-07-15,26.9207,4435.0,24.2014,24.6825,4304191.5,22.026,24.4315,24.0132,99858374.0,0.8934
601233.XSHG,2016-07-18,26.6279,4804.0,23.9086,24.2642,3715819.0,21.775,24.1178,23.7622,85168986.0,0.7712
601233.XSHG,2016-07-19,26.2932,3548.0,24.0759,24.0968,2697205.5,21.524,23.9086,23.7622,61712212.0,0.5598
601233.XSHG,2016-07-20,26.4814,4536.0,23.8668,24.1596,3521114.0,21.6704,24.0759,23.8249,80607101.0,0.7308
601233.XSHG,2016-07-21,26.2513,9917.0,24.6825,24.7244,9876990.5,21.4822,23.8668,23.8249,229915855.0,2.05
601233.XSHG,2016-07-22,27.1508,5643.0,24.3479,24.7453,4997198.5,22.2143,24.4734,24.1596,116679612.0,1.0372
601233.XSHG,2016-07-25,26.7743,5717.0,24.4315,24.557,4596679.5,21.9214,24.4106,24.1596,106847906.0,0.9541
601233.XSHG,2016-07-26,26.8789,5841.0,24.5152,24.5361,5370828.0,21.9842,24.3897,24.2851,125398308.0,1.1147
601233.XSHG,2016-07-27,26.9625,11643.0,23.5321,24.8499,10217883.0,22.0679,24.5361,23.3229,236113612.0,2.1208
601233.XSHG,2016-07-28,25.8957,6359.0,23.6157,23.6994,5641162.5,21.1893,23.553,23.2811,126856043.0,1.1709
601233.XSHG,2016-07-29,25.9794,3069.0,23.4902,23.7412,2528151.0,21.2521,23.5948,23.3857,56863368.0,0.5247
601233.XSHG,2016-08-01,25.833,9592.0,23.8458,24.2433,8522982.5,21.1475,24.2433,23.553,194445137.0,1.769
601233.XSHG,2016-08-02,26.2304,16552.0,25.1845,25.2682,16182022.0,21.4613,23.6576,23.4275,379551871.0,3.3587
601233.XSHG,2016-08-03,27.6946,22473.0,25.833,26.5233,22710492.0,22.6745,25.5192,25.2891,562835015.0,4.7137
601233.XSHG,2016-08-04,28.4267,10524.0,25.8121,26.0212,7881811.0,23.2601,25.9585,25.3937,193210721.0,1.6359
601233.XSHG,2016-08-05,28.3849,10871.0,26.0631,26.2513,8642066.5,23.2392,25.6866,25.4565,213784563.0,1.7937
601233.XSHG,2016-08-08,28.6778,12368.0,25.5611,26.5233,10214669.0,23.4484,25.8957,25.3937,251780329.0,2.1201
601233.XSHG,2016-08-09,28.113,10749.0,26.1886,26.3141,10780737.5,23.0091,25.5401,25.1845,265288139.0,2.2376
601233.XSHG,2016-08-10,28.8033,7374.0,25.6866,26.5651,6856491.5,23.5739,26.3559,25.6238,170215365.0,1.4231
601233.XSHG,2016-08-11,28.2594,6669.0,25.7284,26.2513,6429887.5,23.1137,25.5611,25.3937,158471625.0,1.3346
601233.XSHG,2016-08-12,28.3012,5616.0,26.0003,26.1258,4073302.0,23.1556,25.7493,25.5401,100868907.0,0.8454
601233.XSHG,2016-08-15,28.5941,11436.0,26.6279,26.9416,11709547.5,23.4066,26.1258,26.0631,297945464.0,2.4304
601233.XSHG,2016-08-16,29.2844,6625.0,26.4605,26.7324,5680241.5,23.9713,26.3978,26.1886,143476420.0,1.179
601233.XSHG,2016-08-17,29.117,7176.0,26.7324,26.8998,6096906.0,23.8249,26.5233,26.2304,155002375.0,1.2654
601233.XSHG,2016-08-18,29.4099,12556.0,25.7075,26.3768,11348389.0,24.055,26.3768,25.5192,281162453.0,2.3554
601233.XSHG,2016-08-19,28.2803,5528.0,25.7284,25.9794,4455022.0,23.1346,25.7912,25.4356,109567864.0,0.9247
601233.XSHG,2016-08-22,28.3012,7255.0,25.4983,26.0631,7062941.0,23.1556,25.7493,25.4565,174211877.0,1.4659
601233.XSHG,2016-08-23,28.0502,5290.0,25.7075,25.7702,3931293.5,22.9464,25.6238,25.2264,95825169.0,0.816
601233.XSHG,2016-08-24,28.2803,4087.0,25.5401,25.8957,3496461.0,23.1346,25.6238,25.4774,85606478.0,0.7257
601233.XSHG,2016-08-25,28.0921,4752.0,25.6029,25.8539,4447969.5,22.9882,25.5401,25.1636,108784976.0,0.9232
601233.XSHG,2016-08-26,28.1548,4168.0,25.4774,25.7912,4112583.5,23.051,25.7075,25.4356,100593427.0,0.8536
601233.XSHG,2016-08-29,28.0293,6080.0,25.059,25.4774,5004027.0,22.9255,25.4774,24.9963,120435996.0,1.0386
601233.XSHG,2016-08-30,27.5691,4574.0,25.1009,25.4356,4323983.0,22.549,25.1009,25.059,104297800.0,0.8975
601233.XSHG,2016-08-31,27.611,3885.0,25.2264,25.3519,4267505.0,22.5908,25.1009,24.9963,102897912.0,0.8857
601233.XSHG,2016-09-01,27.7574,8279.0,24.5152,25.3101,7332776.5,22.6954,25.1636,24.3688,173635032.0,1.522
601233.XSHG,2016-09-02,26.9625,4816.0,24.3479,24.7244,4140696.5,22.0679,24.5361,24.2433,96864340.0,0.8594
601233.XSHG,2016-09-05,26.7743,3952.0,24.3479,24.5361,4804354.5,21.9214,24.4734,24.2642,112085426.0,0.9972
601233.XSHG,2016-09-06,26.7743,5216.0,24.6616,24.6616,5196035.5,21.9214,24.3897,23.9504,121092510.0,1.0785
601233.XSHG,2016-09-07,27.1299,6333.0,24.6407,24.808,3874872.0,22.1934,24.6616,24.5361,91383422.0,0.8042
601233.XSHG,2016-09-08,27.109,3750.0,24.7453,24.8499,3510650.5,22.1724,24.7244,24.5361,83046119.0,0.7287
601233.XSHG,2016-09-09,27.2135,5043.0,24.7662,25.08,4836230.5,22.277,24.6825,24.6825,115117763.0,1.0038
601233.XSHG,2016-09-12,27.2345,4833.0,24.2642,24.5361,4446570.0,22.2979,24.4524,24.1596,103424307.0,0.9229
601233.XSHG,2016-09-13,26.6906,2513.0,24.2851,24.4524,2261211.0,21.8378,24.4524,24.0968,52484900.0,0.4693
601233.XSHG,2016-09-14,26.7115,3207.0,24.306,24.3688,3001886.0,21.8587,24.1387,24.0132,69371814.0,0.6231
601233.XSHG,2016-09-19,26.7324,3471.0,24.306,24.557,4347888.5,21.8796,24.2851,24.2223,101406547.0,0.9024
601233.XSHG,2016-09-20,26.7324,2585.0,24.1596,24.3688,2228567.0,21.8796,24.3688,24.0968,51505987.0,0.4626
601233.XSHG,2016-09-21,26.586,5010.0,24.4734,24.808,6414407.0,21.7541,24.2433,24.1805,150528253.0,1.3313
601233.XSHG,2016-09-22,26.9207,4196.0,24.5989,24.9963,3767634.5,22.026,24.6616,24.5361,89126835.0,0.782
601233.XSHG,2016-09-23,27.0671,3423.0,24.4315,24.6825,2290090.5,22.1306,24.5779,24.2851,53464048.0,0.4753
601233.XSHG,2016-09-26,26.8789,3324.0,24.306,24.5989,3039400.0,21.9842,24.4106,24.2014,70899103.0,0.6308
601233.XSHG,2016-09-27,26.7324,3506.0,24.2223,24.3479,3210524.5,21.8796,24.2851,23.6994,73782635.0,0.6664
601233.XSHG,2016-09-28,26.6488,2438.0,24.1387,24.306,2068574.5,21.7959,24.1387,24.0759,47820799.0,0.4293
601233.XSHG,2016-09-29,26.5442,11849.0,24.8708,25.3101,10654307.0,21.7332,24.5152,24.5152,254942157.0,2.2114
601233.XSHG,2016-09-30,27.36,4056.0,24.9126,24.9963,3248485.0,22.3816,24.7871,24.5152,77101730.0,0.6742
601233.XSHG,2016-10-10,27.4018,9143.0,25.6447,25.6866,7574122.0,22.4235,25.3101,25.1636,184442514.0,1.572
601233.XSHG,2016-10-11,28.2176,5093.0,25.5611,25.8957,3919105.0,23.0719,25.6029,25.4146,96016090.0,0.8134
601233.XSHG,2016-10-12,28.113,3505.0,25.3937,25.6866,3093636.0,23.0091,25.4774,25.2682,75239783.0,0.6421
601233.XSHG,2016-10-13,27.9247,4111.0,25.1845,25.4983,3474319.0,22.8627,25.4774,24.9963,83638067.0,0.7211
601233.XSHG,2016-10-14,27.7052,3070.0,25.3737,25.4157,3051790.5,22.6641,25.2687,25.0376,73295202.0,0.6334
601233.XSHG,2016-10-17,27.9152,3872.0,24.9116,25.4997,3519523.5,22.8321,25.2476,24.8486,84278622.0,0.7305
601233.XSHG,2016-10-18,27.4111,3192.0,25.2687,25.3107,2607125.5,22.412,25.0586,24.8696,62357870.0,0.5411
601233.XSHG,2016-10-19,27.7892,3303.0,25.2897,25.5837,3179095.5,22.7481,25.2687,25.2056,76830925.0,0.6598
601233.XSHG,2016-10-20,27.8102,10661.0,25.7098,26.0038,7127673.0,22.7691,25.4787,25.3317,174690508.0,1.4794
601233.XSHG,2016-10-21,28.2723,9940.0,25.6467,25.9408,5179880.5,23.1472,25.7518,25.3947,126486890.0,1.0751
601233.XSHG,2016-10-24,28.2093,11567.0,26.613,26.76,10980426.5,23.0842,25.8988,25.7728,276406614.0,2.279
601233.XSHG,2016-10-25,29.2806,7253.0,26.4449,26.97,7028510.0,23.9454,26.676,26.2349,178666399.0,1.4588
601233.XSHG,2016-10-26,29.0915,5443.0,26.4659,26.97,5133788.0,23.7983,26.4659,26.4239,130080449.0,1.0655
601233.XSHG,2016-10-27,29.1125,5056.0,26.2979,26.634,3827261.5,23.8193,26.4659,26.0038,95650915.0,0.7944
601233.XSHG,2016-10-28,28.9235,3421.0,26.1929,26.4659,4073947.0,23.6723,26.4239,25.9828,101921154.0,0.8456
601233.XSHG,2016-10-31,28.8184,6763.0,26.4659,26.907,7525290.5,23.5673,26.2559,26.0458,190466508.0,1.5619
601233.XSHG,2016-11-01,29.1125,4692.0,26.676,26.718,3890585.5,23.8193,26.2769,26.1929,98055676.0,0.8075
601233.XSHG,2016-11-02,29.3436,4633.0,26.3819,26.739,3347733.0,24.0084,26.655,26.2559,84347815.0,0.6948
601233.XSHG,2016-11-03,29.0285,3890.0,26.4659,26.634,3324929.0,23.7353,26.2559,26.0458,83392660.0,0.6901
601233.XSHG,2016-11-04,29.1125,4240.0,25.9198,26.4869,3435410.0,23.8193,26.3819,25.8778,85445516.0,0.713
601233.XSHG,2016-11-07,28.5034,7083.0,25.7308,26.0248,4755587.5,23.3362,25.9408,25.6047,116399332.0,0.987
601233.XSHG,2016-11-08,28.3143,4315.0,26.0668,26.2769,5388662.0,23.1682,25.8358,25.6467,133225767.0,1.1184
601233.XSHG,2016-11-09,28.6714,7038.0,26.3399,26.823,7835988.5,23.4622,25.9618,25.6887,196669689.0,1.6264
601233.XSHG,2016-11-10,28.9655,3978.0,26.592,26.823,5016499.5,23.7143,26.5079,26.4029,126966896.0,1.0412
601233.XSHG,2016-11-11,29.2595,15782.0,28.3773,29.0705,16847088.0,23.9244,27.033,27.033,449599705.0,3.4967
601233.XSHG,2016-11-14,31.213,13691.0,28.2933,28.7764,13881138.0,25.5417,27.6212,27.3901,372753062.0,2.8811
601233.XSHG,2016-11-15,31.129,6590.0,28.1673,28.4404,4045653.5,25.4577,28.2513,27.7892,108261063.0,0.8397
601233.XSHG,2016-11-16,30.9819,6439.0,28.2723,29.0915,5762071.0,25.3527,28.1883,28.1043,156636168.0,1.1959
601233.XSHG,2016-11-17,31.108,3824.0,27.8942,28.1463,3167963.5,25.4367,28.0623,27.6422,84003754.0,0.6575
601233.XSHG,2016-11-18,30.6879,2916.0,27.9152,28.2513,1834742.0,25.1006,27.7682,27.7682,48863697.0,0.3808
601233.XSHG,2016-11-21,30.7089,6136.0,28.2093,28.7344,4366773.0,25.1216,27.8522,27.7472,117342461.0,0.9063
601233.XSHG,2016-11-22,31.0239,9775.0,29.2595,29.4486,9616676.0,25.3947,28.5664,28.2513,265829197.0,1.996
601233.XSHG,2016-11-23,32.1792,11610.0,29.3436,30.3098,8543964.0,26.3399,29.1965,29.1335,243133825.0,1.7733
601233.XSHG,2016-11-24,32.2842,7224.0,29.7006,29.9317,5279303.5,26.4029,29.1545,29.0075,148804112.0,1.0957
601233.XSHG,2016-11-25,32.6623,7794.0,29.4906,29.9107,5175105.5,26.739,29.5746,28.4614,143628411.0,1.0741
601233.XSHG,2016-11-28,32.4313,12653.0,28.8395,29.3856,10249899.5,26.5499,29.3646,28.0833,279198443.0,2.1274
601233.XSHG,2016-11-29,31.7171,6901.0,28.2093,28.8184,6194871.5,25.9618,28.6084,28.0623,167523839.0,1.2858
601233.XSHG,2016-11-30,31.0239,5507.0,28.5664,28.9445,6599393.0,25.3947,28.3353,28.2093,179509724.0,1.3697
601233.XSHG,2016-12-01,31.423,9713.0,29.1335,30.8349,11195211.5,25.7098,30.2468,28.9445,316730747.0,2.3236
601233.XSHG,2016-12-02,32.0532,7327.0,29.0705,29.8267,7293356.0,26.2139,28.9865,28.3563,202594448.0,1.5138
601233.XSHG,2016-12-05,31.9692,8624.0,29.9737,29.9947,9747443.5,26.1719,28.5664,28.3563,273374892.0,2.0231
601233.XSHG,2016-12-06,32.9774,10516.0,30.0577,31.087,8822724.5,26.97,30.0157,29.7217,255912355.0,1.8312
601233.XSHG,2016-12-07,33.0614,9041.0,29.4276,30.0997,8505701.5,27.0541,30.0997,29.0915,238630550.0,1.7654
601233.XSHG,2016-12-08,32.3682,5717.0,29.6796,29.7217,4349890.5,26.4869,29.4066,29.1335,121651218.0,0.9028
601233.XSHG,2016-12-09,32.6413,8648.0,30.4148,30.4358,7482709.0,26.718,29.6166,29.0075,212916315.0,1.5531
601233.XSHG,2016-12-12,0.0,0.0,30.4148,30.4148,0.0,0.0,30.4148,30.4148,0.0,0.0
601233.XSHG,2016-12-13,33.4605,14639.0,31.486,31.507,13062614.0,27.3691,29.4066,28.6294,375361831.0,2.7112
601233.XSHG,2016-12-14,34.6368,14073.0,31.7591,32.8093,11211465.0,28.3353,31.087,30.8769,340221876.0,2.327
601233.XSHG,2016-12-15,34.9308,8882.0,31.6541,32.1582,7569937.0,28.5874,31.15,30.9399,226960491.0,1.5712
601233.XSHG,2016-12-16,34.8258,8000.0,31.423,32.1372,5328234.5,28.4824,31.507,30.7719,159313597.0,1.1059
601233.XSHG,2016-12-19,34.5737,9727.0,32.6623,32.7043,7807959.0,28.2723,31.318,30.9609,238522624.0,1.6206
601233.XSHG,2016-12-20,35.939,10408.0,31.0449,32.6623,6700505.5,29.4066,32.6623,30.7299,200870703.0,1.3907
601233.XSHG,2016-12-21,34.1536,12619.0,32.1792,32.2002,8358510.5,27.9363,31.297,30.7719,250661480.0,1.7349
601233.XSHG,2016-12-22,35.3929,17116.0,31.486,32.6623,7433927.5,28.9655,31.8851,31.381,226982271.0,1.5429
601233.XSHG,2016-12-23,34.6368,9680.0,31.423,31.9061,7236552.5,28.3353,31.36,30.6249,214584976.0,1.502
601233.XSHG,2016-12-26,34.5737,8682.0,31.15,31.7381,7281704.5,28.2723,31.255,30.3938,214085038.0,1.5114
601233.XSHG,2016-12-27,34.2587,10324.0,32.0742,32.2422,6490698.0,28.0413,31.171,30.6249,195103675.0,1.3472
601233.XSHG,2016-12-28,35.2879,7343.0,31.6541,32.3472,6446760.0,28.8605,32.0112,31.255,195030083.0,1.3381
601233.XSHG,2016-12-29,34.8258,7065.0,31.087,31.7171,4780188.0,28.4824,31.5281,30.8349,142316116.0,0.9922
601233.XSHG,2016-12-30,34.1957,9613.0,30.1627,31.276,6358466.5,27.9783,31.129,30.1417,185150781.0,1.3197
601233.XSHG,2017-01-03,33.1874,7224.0,30.6038,31.0449,4500752.5,27.1381,30.2888,30.1417,131478409.0,0.9342
601233.XSHG,2017-01-04,33.6705,13594.0,32.8514,33.1664,11746476.0,27.5372,30.5828,30.3728,358810857.0,2.438
601233.XSHG,2017-01-05,36.1281,10572.0,32.9354,33.2924,7319377.0,29.5746,32.4733,32.1372,228523296.0,1.5192
601233.XSHG,2017-01-06,36.2331,6913.0,32.1582,33.2714,4324748.0,29.6376,32.7673,31.9481,134279314.0,0.8976
601233.XSHG,2017-01-09,35.3719,11486.0,33.1874,33.6075,6162644.0,28.9445,31.9692,31.9692,193742122.0,1.2791
601233.XSHG,2017-01-10,36.5062,8002.0,32.2842,33.6495,4936658.0,29.8687,32.8934,32.2212,154916800.0,1.0246
601233.XSHG,2017-01-11,35.5189,10609.0,31.5701,32.5153,5731243.0,29.0495,32.3892,30.9819,172613309.0,1.1895
601233.XSHG,2017-01-12,34.7208,5187.0,32.0532,32.2002,4146388.0,28.4194,31.6121,31.297,125547537.0,0.8606
601233.XSHG,2017-01-13,35.2669,6249.0,31.507,32.0952,2799365.0,28.8395,32.0532,31.381,84513706.0,0.581
601233.XSHG,2017-01-16,34.6578,10702.0,30.3098,31.7591,5444193.0,28.3563,31.507,28.7764,159654523.0,1.13
601233.XSHG,2017-01-17,33.3345,7288.0,30.4358,31.402,4804926.0,27.2851,30.2678,29.6166,138800035.0,0.9973
601233.XSHG,2017-01-18,33.4815,14619.0,31.444,32.3052,8436898.5,27.3901,31.7171,30.7089,251335350.0,1.7511
601233.XSHG,2017-01-19,34.5947,9372.0,30.3938,31.36,5577734.0,28.2933,31.0449,30.3098,163431372.0,1.1577
601233.XSHG,2017-01-20,33.4395,6486.0,31.276,31.318,3453654.5,27.3481,30.3728,30.2678,102001128.0,0.7168
601233.XSHG,2017-01-23,34.4057,13303.0,32.7883,32.8724,7394265.5,28.1463,31.15,31.15,228444121.0,1.5347
601233.XSHG,2017-01-24,36.0651,8992.0,32.8093,33.1874,4244225.0,29.5116,32.7673,32.4523,132327101.0,0.8809
601233.XSHG,2017-01-25,36.0861,6910.0,32.9564,33.4605,3815737.0,29.5326,32.7043,32.4943,120237721.0,0.792
601233.XSHG,2017-01-26,36.2541,4470.0,33.2294,33.5025,2950420.0,29.6586,33.2084,32.9774,93589645.0,0.6124
601233.XSHG,2017-02-03,36.5482,5684.0,33.3135,33.9226,3474376.5,29.9107,33.2294,33.0194,110269012.0,0.7211
601233.XSHG,2017-02-06,36.6532,6932.0,33.1664,33.8596,3944195.5,29.9737,33.3135,32.8724,124925576.0,0.8186
601233.XSHG,2017-02-07,36.4852,5519.0,33.4185,33.4605,3195132.0,29.8477,32.9774,32.8303,101207292.0,0.6632
601233.XSHG,2017-02-08,36.7582,11478.0,33.0824,33.5865,4921620.5,30.0787,33.5025,32.7463,154568968.0,1.0215
601233.XSHG,2017-02-09,36.4011,8027.0,33.0614,33.2294,4311008.5,29.7847,32.9774,32.7883,135299096.0,0.8948
601233.XSHG,2017-02-10,36.3591,8689.0,33.2294,33.4605,6242618.0,29.7637,33.1664,32.6833,196598554.0,1.2957
601233.XSHG,2017-02-13,36.5482,16721.0,35.54,35.603,10340868.5,29.9107,33.2294,33.1874,341316631.0,2.1463
601233.XSHG,2017-02-14,39.0897,11565.0,34.9728,35.1829,7012318.0,31.9902,35.0778,34.6368,232814306.0,1.4554
601233.XSHG,2017-02-15,38.4806,7845.0,34.3847,35.2459,4760073.0,31.486,34.8468,34.3637,157190719.0,0.988
601233.XSHG,2017-02-16,37.8295,10897.0,35.4139,35.855,7217612.5,30.9399,34.4057,34.0276,240491733.0,1.4981
601233.XSHG,2017-02-17,38.9637,7046.0,34.5527,35.561,4368788.0,31.8641,35.1829,34.2587,145069117.0,0.9068
601233.XSHG,2017-02-20,38.0185,8789.0,35.3089,35.939,4217663.0,31.108,34.5527,34.3637,142101815.0,0.8754
601233.XSHG,2017-02-21,38.8377,4875.0,35.2879,35.624,2973739.0,31.7801,35.0358,34.7838,99246071.0,0.6172
601233.XSHG,2017-02-22,38.8167,8919.0,36.1281,36.5272,6149196.0,31.7591,35.0778,35.0778,210817681.0,1.2763
601233.XSHG,2017-02-23,39.7409,6325.0,36.0231,36.1281,3627112.5,32.5153,35.897,35.4349,123190774.0,0.7528
601233.XSHG,2017-02-24,39.6359,7424.0,35.2669,35.876,4845185.0,32.4103,35.876,34.8048,162590106.0,1.0056
601233.XSHG,2017-02-27,38.7957,14819.0,33.4395,35.2459,8668392.5,31.7381,35.1619,33.3975,280888011.0,1.7992
601233.XSHG,2017-02-28,36.7792,7009.0,33.5655,33.7335,5488170.5,30.0997,33.5865,33.0404,174531737.0,1.1391
601233.XSHG,2017-03-01,36.9263,8808.0,33.4605,34.2377,5415114.0,30.2048,33.6285,33.3975,174493559.0,1.1239
601233.XSHG,2017-03-02,36.8002,7998.0,33.4395,33.9856,4865686.5,30.1207,33.6075,33.3975,155984405.0,1.0099
601233.XSHG,2017-03-03,36.7792,6920.0,33.4395,33.7966,3782478.5,30.0997,33.2924,32.9984,120598214.0,0.7851
601233.XSHG,2017-03-06,36.7792,10462.0,33.6285,33.8176,5319384.5,30.0997,33.4815,33.0824,168958472.0,1.1041
601233.XSHG,2017-03-07,36.9893,7446.0,33.1244,33.5865,4565362.5,30.2678,33.5865,32.8093,144032989.0,0.9476
601233.XSHG,2017-03-08,36.4432,11428.0,32.2632,33.0824,8015997.5,29.8057,33.0614,32.0952,247767105.0,1.6638
601233.XSHG,2017-03-09,35.4979,16158.0,31.171,31.9271,8354237.0,29.0285,31.9271,31.0449,248647070.0,1.734
601233.XSHG,2017-03-10,34.2797,12330.0,31.339,31.507,6184018.0,28.0623,31.171,30.8139,183665127.0,1.2835
601233.XSHG,2017-03-13,34.4687,9977.0,31.297,31.402,6025918.0,28.2093,31.108,30.5198,178241427.0,1.2507
601233.XSHG,2017-03-14,34.4267,9099.0,31.6751,31.9481,4910278.5,28.1673,31.255,31.171,148022661.0,1.0192
601233.XSHG,2017-03-15,34.8468,6429.0,31.192,31.6751,3389780.0,28.5034,31.6751,31.0239,100990122.0,0.7036
601233.XSHG,2017-03-16,34.3217,14980.0,32.8093,32.9774,9819033.5,28.0833,31.5491,31.5491,302989685.0,2.038
601233.XSHG,2017-03-17,36.0861,7378.0,32.1792,32.7673,4464765.0,29.5326,32.7673,32.0952,137363030.0,0.9267
601233.XSHG,2017-03-20,35.3929,6736.0,31.8641,32.3682,4136981.0,28.9655,32.2002,31.5701,125627976.0,0.8587
601233.XSHG,2017-03-21,35.0568,5235.0,31.8011,32.1792,3902778.0,28.6714,32.0322,31.465,118187326.0,0.81
601233.XSHG,2017-03-22,34.9728,6659.0,31.297,31.5491,4137460.0,28.6294,31.402,30.9819,123069369.0,0.8588
601233.XSHG,2017-03-23,34.4267,6758.0,31.8431,31.9061,4304832.0,28.1673,31.444,31.192,129306809.0,0.8935
601233.XSHG,2017-03-24,35.0358,12684.0,30.8769,31.8221,6835211.5,28.6504,31.6121,30.3308,201706412.0,1.4187
601233.XSHG,2017-03-27,33.9646,11311.0,31.8641,32.0322,6753408.5,27.7892,30.8349,30.8349,203425387.0,1.4017
601233.XSHG,2017-03-28,35.0568,7450.0,31.276,31.6751,4202035.5,28.6714,31.465,31.087,125229315.0,0.8722
601233.XSHG,2017-03-29,34.4057,12873.0,31.5491,32.0112,5624007.0,28.1463,31.339,31.297,170038141.0,1.1673
601233.XSHG,2017-03-30,34.6998,9858.0,31.8641,32.0322,5124687.0,28.3984,31.6541,31.234,155050977.0,1.0637
601233.XSHG,2017-03-31,35.0568,9860.0,32.1162,32.3262,5174120.0,28.6714,31.9271,31.6541,157408756.0,1.0739
601233.XSHG,2017-04-05,35.3299,13137.0,32.5573,32.7253,5948568.0,28.9025,32.2842,31.9692,183703492.0,1.2347
601233.XSHG,2017-04-06,35.813,6019.0,32.4733,32.6413,3006908.5,29.3016,32.5573,32.1792,92821646.0,0.6241
601233.XSHG,2017-04-07,35.729,10534.0,33.0194,33.4605,6848531.5,29.2175,32.4523,32.3472,215223444.0,1.4214
601233.XSHG,2017-04-10,36.3171,10816.0,32.1372,33.3555,4686090.5,29.7217,32.9354,32.0322,145545837.0,0.9726
601233.XSHG,2017-04-11,35.3509,10695.0,31.6541,32.3472,5325640.0,28.9235,32.3052,31.297,160769125.0,1.1054
601233.XSHG,2017-04-12,34.8258,6995.0,31.36,31.6751,3468218.5,28.4824,31.6541,31.129,103453384.0,0.7198
601233.XSHG,2017-04-13,34.4897,5394.0,31.402,31.5491,2897451.0,28.2303,31.297,31.129,86596154.0,0.6014
601233.XSHG,2017-04-14,34.5527,8885.0,30.3518,31.486,5067724.5,28.2723,31.402,30.3098,148296743.0,1.0518
601233.XSHG,2017-04-17,33.3975,14892.0,30.1417,30.8559,4500995.0,27.3061,30.2678,29.7217,129743627.0,0.9342
601233.XSHG,2017-04-18,33.1664,11149.0,29.5536,30.7509,5606759.5,27.1381,30.7509,29.3856,160154259.0,1.1637
601233.XSHG,2017-04-19,32.5153,8863.0,29.8477,29.9317,2986180.0,26.592,29.5326,29.3016,84461652.0,0.6198
601233.XSHG,2017-04-20,32.8303,9025.0,29.1965,29.9947,4666424.0,26.865,29.8057,29.0075,130571796.0,0.9685
601233.XSHG,2017-04-21,32.1162,8345.0,29.7217,29.9107,2963004.0,26.2769,29.2175,29.2175,83936044.0,0.615
601233.XSHG,2017-04-24,32.7043,11070.0,29.1335,29.8267,3585221.0,26.76,29.7427,29.0285,100138760.0,0.7441
601233.XSHG,2017-04-25,32.0532,7003.0,29.4696,29.7217,2145684.0,26.2139,29.2385,29.2385,60363198.0,0.4453
601233.XSHG,2017-04-26,32.4103,8383.0,29.9107,29.9527,2899074.5,26.5289,29.4696,29.3436,81978593.0,0.6017
601233.XSHG,2017-04-27,32.8934,14427.0,28.7764,29.5326,8172577.0,26.928,29.3646,27.9783,223190621.0,1.6963
601233.XSHG,2017-04-28,31.6541,8799.0,28.9865,29.0285,2930012.5,25.8988,28.3773,28.3773,80489314.0,0.6081
601233.XSHG,2017-05-02,31.8851,7369.0,29.0285,29.0915,2846951.5,26.0878,28.9865,28.6714,78394466.0,0.5909
601233.XSHG,2017-05-03,31.9271,5905.0,28.6924,29.0705,2454408.0,26.1298,29.0285,28.3984,67088255.0,0.5094
601233.XSHG,2017-05-04,31.5701,6151.0,28.1043,28.6714,2783683.5,25.8148,28.6714,28.0623,74910848.0,0.5778
601233.XSHG,2017-05-05,30.9189,11605.0,27.8732,28.2723,4704680.0,25.2897,27.7682,27.2221,124005077.0,0.9765
601233.XSHG,2017-05-08,30.6669,6421.0,27.2221,27.7262,3169880.5,25.0796,27.7262,27.2011,82812910.0,0.6579
601233.XSHG,2017-05-09,29.9527,6855.0,27.4321,27.4952,3203498.5,24.4915,26.928,26.865,82872720.0,0.6649
601233.XSHG,2017-05-10,30.1838,7656.0,26.2769,27.5792,3777793.5,24.6805,27.4111,26.0668,96665650.0,0.7841
601233.XSHG,2017-05-11,28.9025,6239.0,26.4869,26.781,3030729.5,23.6513,26.2349,25.8988,76158728.0,0.629
601233.XSHG,2017-05-12,29.1335,5953.0,26.2769,26.634,2490172.5,23.8403,26.5079,26.1088,62319836.0,0.5168
601233.XSHG,2017-05-15,28.9025,3851.0,26.1509,26.4449,1755464.0,23.6513,26.3609,25.9408,43780258.0,0.3644
601233.XSHG,2017-05-16,28.7764,8399.0,27.2011,27.2641,4156251.0,23.5463,26.3609,26.1088,106307362.0,0.8627
601233.XSHG,2017-05-17,29.9317,8446.0,27.3691,27.6842,3508239.5,24.4915,27.0541,27.012,91529205.0,0.7282
601233.XSHG,2017-05-18,30.0997,6386.0,26.676,27.5582,3523058.5,24.6385,27.3691,26.613,90662587.0,0.7312
601233.XSHG,2017-05-19,29.3436,4926.0,26.928,27.1381,2527265.5,24.0084,26.823,26.592,64659161.0,0.5245
601233.XSHG,2017-05-22,29.6166,9158.0,27.2851,27.8522,5849211.0,24.2394,26.886,26.823,153328449.0,1.214
601233.XSHG,2017-05-23,30.0157,5145.0,26.4659,27.4741,2286856.0,24.5545,27.2851,26.4029,58363991.0,0.4746
601233.XSHG,2017-05-24,29.1125,5888.0,26.4029,26.781,2501273.5,23.8193,26.4239,26.1088,62875041.0,0.5192
601233.XSHG,2017-05-25,29.0495,4600.0,26.718,26.781,3132622.0,23.7563,26.4239,25.9618,78754292.0,0.6502
601233.XSHG,2017-05-26,29.3856,6476.0,26.1298,26.5709,3820887.5,24.0504,26.3609,26.0668,95822836.0,0.793
601233.XSHG,2017-05-31,28.7344,4658.0,26.2349,26.613,2360100.5,23.5253,26.4659,26.1298,59253316.0,0.4899
601233.XSHG,2017-06-01,28.8605,13260.0,24.4075,26.2349,8227067.0,23.6093,26.2349,24.3234,194778269.0,1.7076
601233.XSHG,2017-06-02,26.844,5541.0,24.5755,24.7645,2391748.5,21.9709,24.3655,23.9454,55503709.0,0.4964
601233.XSHG,2017-06-05,27.033,4523.0,24.8906,24.9326,2681859.0,22.1179,24.6175,24.5755,63336498.0,0.5566
601233.XSHG,2017-06-06,27.3901,6859.0,24.7015,25.0586,2505190.5,22.412,24.8696,24.5125,59147092.0,0.52
601233.XSHG,2017-06-07,27.1801,9434.0,25.6677,25.7728,5365300.0,22.223,24.7645,24.7225,129533611.0,1.1136
601233.XSHG,2017-06-08,28.2303,8166.0,25.5207,25.7518,4229777.5,23.1052,25.3317,25.2897,102577798.0,0.702
601233.XSHG,2017-06-09,28.0833,7905.0,25.1846,25.5207,4307788.5,22.9791,25.5207,24.9746,103033989.0,0.7149
601233.XSHG,2017-06-12,27.7052,7762.0,25.2476,25.2687,3679553.5,22.6641,25.1006,24.9536,87983293.0,0.6107
601233.XSHG,2017-06-13,27.7682,9915.0,25.7308,25.8988,5128442.0,22.7271,25.1846,25.1846,125230543.0,0.8511
601233.XSHG,2017-06-14,28.3143,10479.0,25.8568,26.0668,3894769.0,23.1682,25.5837,25.5837,95670403.0,0.6464
601233.XSHG,2017-06-15,28.4404,8006.0,26.1719,26.2349,4483577.0,23.2732,25.8358,25.6257,110801986.0,0.7441
601233.XSHG,2017-06-16,28.7974,3723.0,26.1929,26.2349,2720537.0,23.5463,26.0458,25.9618,67737371.0,0.4515
601233.XSHG,2017-06-19,28.8184,6300.0,26.3819,26.4029,2815959.5,23.5673,25.9408,25.8778,70424316.0,0.4673
601233.XSHG,2017-06-20,29.0243,5266.0,26.7256,26.9834,3451626.0,23.7394,26.5537,26.2744,85634780.0,0.5728
601233.XSHG,2017-06-21,29.3896,6530.0,27.2842,27.3701,4096356.5,24.0616,26.6826,26.2744,102918519.0,0.6798
601233.XSHG,2017-06-22,30.0126,10907.0,27.5205,28.1005,7241785.5,24.5558,27.3916,27.1123,186359095.0,1.2019
601233.XSHG,2017-06-23,30.2704,11882.0,28.1865,28.208,6817342.0,24.7706,27.4775,27.3271,176939244.0,1.1314
601233.XSHG,2017-06-26,31.0008,11531.0,28.9384,29.3036,7322355.0,25.3721,28.2939,28.2509,196693500.0,1.2152
601233.XSHG,2017-06-27,31.8387,8342.0,28.874,29.2607,4038816.0,26.0381,28.8954,28.7451,109014797.0,0.6703
601233.XSHG,2017-06-28,31.7528,9689.0,29.6474,29.9911,6171050.5,25.9952,28.788,28.7236,169537968.0,1.0242
601233.XSHG,2017-06-29,32.6121,7107.0,29.6259,29.9696,3721942.5,26.6826,29.6689,29.497,102849350.0,0.6177
601233.XSHG,2017-06-30,32.5906,8166.0,29.7763,29.9911,3966048.5,26.6611,29.6474,29.3036,109830164.0,0.6582
601233.XSHG,2017-07-03,32.7625,7858.0,29.6259,29.9911,3781782.0,26.79,29.8407,29.4755,104297743.0,0.6276
601233.XSHG,2017-07-04,32.5906,15336.0,31.409,31.9676,8702883.0,26.6611,29.6689,29.6474,250856972.0,1.4443
601233.XSHG,2017-07-05,34.5456,15055.0,31.409,31.4735,6073815.5,28.2724,31.3231,30.4208,175108567.0,1.008
601233.XSHG,2017-07-06,34.5456,9800.0,31.3231,32.3113,4578653.0,28.2724,31.1727,30.9364,134477011.0,0.7599
601233.XSHG,2017-07-07,34.4597,14253.0,32.075,32.2039,5846933.5,28.1865,31.3661,31.1297,173511264.0,0.9704
601233.XSHG,2017-07-10,35.2761,17892.0,32.2684,33.0203,8335584.5,28.874,32.075,31.7957,251754638.0,1.3834
601233.XSHG,2017-07-11,35.4909,13543.0,30.5926,32.0965,7913078.0,29.0458,32.0965,30.4637,228904496.0,1.3133
601233.XSHG,2017-07-12,33.6433,9937.0,31.5809,31.7313,6232522.5,27.542,31.0223,30.5712,181070870.0,1.0344
601233.XSHG,2017-07-13,34.739,8664.0,31.7313,32.2684,5800859.0,28.4228,31.5594,31.409,172036342.0,0.9627
601233.XSHG,2017-07-14,34.9108,5937.0,31.3661,31.7742,4002299.5,28.5517,31.5809,30.829,116139802.0,0.6642
601233.XSHG,2017-07-17,34.5027,12117.0,29.7978,31.3446,7368417.5,28.2295,31.3016,29.6474,209053100.0,1.2229
601233.XSHG,2017-07-18,32.784,17799.0,32.3328,32.5691,10875617.0,26.8115,30.0556,30.0556,318934001.0,1.8049
601233.XSHG,2017-07-19,35.5768,22073.0,32.9773,33.2136,13427474.0,29.1103,32.3973,32.032,409060810.0,2.2284
601233.XSHG,2017-07-20,36.2858,17690.0,31.9461,33.6648,15258633.5,29.6903,33.0847,31.8817,463591263.0,2.5323
601233.XSHG,2017-07-21,35.1472,22987.0,31.452,32.1395,14332160.5,28.7451,32.075,31.1083,419700393.0,2.3786
601233.XSHG,2017-07-24,34.5886,25805.0,32.741,32.784,17635445.5,28.3154,31.5164,31.0223,528986006.0,2.9268
601233.XSHG,2017-07-25,36.0065,22272.0,31.409,32.741,14875220.0,29.4755,32.6551,31.0008,437587503.0,2.4687
601233.XSHG,2017-07-26,34.5456,13096.0,31.8602,31.9461,9759214.5,28.2724,31.5379,31.0223,286545761.0,1.6196
601233.XSHG,2017-07-27,35.0398,14024.0,31.1083,32.0106,9678184.5,28.6806,31.7313,31.0438,282727588.0,1.6062
601233.XSHG,2017-07-28,34.2234,10789.0,31.2372,31.5164,7559386.0,27.9931,31.0653,30.6356,218648183.0,1.2546
601233.XSHG,2017-07-31,34.3523,24932.0,32.8269,33.2781,25595121.0,28.122,31.2586,31.0223,771079719.0,4.2478
601233.XSHG,2017-08-01,36.1139,24014.0,32.032,33.0418,21776799.5,29.54,32.8699,31.3231,649239134.0,3.6141
601233.XSHG,2017-08-02,35.2331,15820.0,31.409,32.3758,12519437.5,28.831,31.7742,31.3231,369432608.0,2.0777
601233.XSHG,2017-08-03,34.5456,20506.0,32.3543,32.3973,12999306.5,28.2724,31.2586,31.0653,385282991.0,2.1574
601233.XSHG,2017-08-04,35.5983,24010.0,33.0203,33.6218,21697108.5,29.1103,32.2469,31.9246,663224176.0,3.6009
601233.XSHG,2017-08-07,36.3288,20323.0,33.2996,33.407,12469413.0,29.7118,33.1922,32.2899,381255392.0,2.0694
601233.XSHG,2017-08-08,36.6295,31403.0,33.9441,34.739,23955225.0,29.9696,33.2351,33.0418,762369205.0,3.9756
601233.XSHG,2017-08-09,37.3385,18898.0,34.7175,34.9108,16238464.0,30.5497,33.7507,33.3425,519661807.0,2.695
601233.XSHG,2017-08-10,38.1978,18922.0,33.3211,34.6745,14510427.0,31.2372,34.4812,32.8914,455562895.0,2.4082
601233.XSHG,2017-08-11,36.651,24978.0,30.9579,33.407,18263253.0,29.9911,33.2136,30.5712,540421032.0,3.031
601233.XSHG,2017-08-14,34.0515,14249.0,31.6239,31.9031,7922656.0,27.8642,30.9149,30.8719,232206224.0,1.3149
601233.XSHG,2017-08-15,34.7819,11918.0,31.7098,32.1395,8412480.5,28.4658,31.4305,31.3446,248522417.0,1.3961
601233.XSHG,2017-08-16,34.8894,7557.0,31.4305,31.8602,5310516.5,28.5302,31.7528,31.0868,154927527.0,0.8813
601233.XSHG,2017-08-17,34.5671,11362.0,31.0438,31.5809,8113009.5,28.2939,31.452,30.8504,235050527.0,1.3464
601233.XSHG,2017-08-18,34.1589,7319.0,31.0868,31.4305,4035062.0,27.9287,30.8719,30.5926,116858651.0,0.6697
601233.XSHG,2017-08-21,34.2019,9387.0,31.6239,31.6453,5281415.0,27.9716,31.1512,30.9579,154171551.0,0.8765
601233.XSHG,2017-08-22,34.7819,5910.0,31.3016,31.7742,3800785.5,28.4658,31.6668,31.1512,111035686.0,0.6308
601233.XSHG,2017-08-23,34.4382,5518.0,30.8934,31.4305,3473871.5,28.165,31.3875,30.6571,100210337.0,0.5765
601233.XSHG,2017-08-24,33.9871,9737.0,30.0985,31.0868,6641146.0,27.7998,30.786,29.8837,187921886.0,1.1022
601233.XSHG,2017-08-25,33.1062,7550.0,30.6571,30.8934,5887560.0,27.0908,30.0985,29.9696,167146772.0,0.9771
601233.XSHG,2017-08-28,33.7293,9692.0,31.0223,31.3446,7453049.0,27.5849,30.1845,30.1845,215609095.0,1.2369
601233.XSHG,2017-08-29,34.116,11096.0,31.452,31.5594,8040509.5,27.9287,30.743,30.7215,233713434.0,1.3344
601233.XSHG,2017-08-30,34.5886,19065.0,32.5906,32.8699,13149327.0,28.3154,31.5809,31.3875,394357750.0,2.1823
601233.XSHG,2017-08-31,35.8561,11489.0,32.5262,32.741,6059574.0,29.3251,32.6551,32.0965,183043194.0,1.0057
601233.XSHG,2017-09-01,35.7702,15504.0,33.1707,33.6004,10124230.5,29.2821,32.6551,32.5477,312672553.0,1.6802
601233.XSHG,2017-09-04,36.4792,12229.0,33.7507,33.8367,8807175.0,29.8622,33.2996,32.7195,272889164.0,1.4616
601233.XSHG,2017-09-05,37.1237,15733.0,34.1374,34.5886,12128123.0,30.3778,33.4285,33.364,385860204.0,2.0128
601233.XSHG,2017-09-06,37.5533,11320.0,34.1374,34.7175,9970588.5,30.7215,33.7293,33.6433,319059936.0,1.6547
601233.XSHG,2017-09-07,37.5533,14071.0,32.9344,34.5241,11013851.5,30.7215,34.3308,32.7625,342767144.0,1.8279
601233.XSHG,2017-09-08,36.2213,19809.0,34.8249,35.1042,15703564.0,29.6474,33.1492,33.1492,502793656.0,2.6062
601233.XSHG,2017-09-11,38.3053,17764.0,34.8464,35.1042,10223787.5,31.3446,35.1042,34.2019,329577384.0,1.6967
601233.XSHG,2017-09-12,38.3267,11474.0,34.5027,34.9108,8092423.0,31.3661,34.696,34.116,260275419.0,1.343
601233.XSHG,2017-09-13,37.9615,12022.0,35.1472,35.6628,11299419.5,31.0438,34.5671,33.9871,367543283.0,1.8753
601233.XSHG,2017-09-14,38.6705,10346.0,35.2116,35.7702,8996671.0,31.6239,35.1257,34.9108,295416939.0,1.4931
601233.XSHG,2017-09-15,38.7349,13786.0,33.3425,35.1257,10275838.5,31.6883,35.0398,33.3211,324373466.0,1.7054
601233.XSHG,2017-09-18,36.6725,21690.0,36.1999,36.4792,15257802.0,30.0126,33.5144,33.2566,499971245.0,2.5322
601233.XSHG,2017-09-19,39.8306,23334.0,35.1257,36.3288,14463123.5,32.5906,36.0065,34.7819,480013506.0,2.4003
601233.XSHG,2017-09-20,38.649,10924.0,35.4265,35.6843,6932245.0,31.6239,35.2546,34.653,227640689.0,1.1505
601233.XSHG,2017-09-21,38.9713,12661.0,34.2663,35.6198,9786338.5,31.8817,35.2116,34.0945,314381359.0,1.6242
601233.XSHG,2017-09-22,37.7037,8906.0,34.1804,34.9108,7144409.0,30.8504,34.116,33.9441,228608840.0,1.1857
601233.XSHG,2017-09-25,37.5963,8337.0,33.7507,34.4597,5156442.0,30.7645,34.4382,33.4714,162659156.0,0.8558
601233.XSHG,2017-09-26,37.1237,14272.0,34.7819,35.3835,12240186.5,30.3778,34.1589,34.1589,398393942.0,2.0314
601233.XSHG,2017-09-27,38.2623,14859.0,35.7917,36.1999,13037375.0,31.3016,34.4597,34.4167,431160421.0,2.1637
601233.XSHG,2017-09-28,39.3794,13746.0,35.8346,36.737,11811078.5,32.2039,35.7487,35.2116,397223953.0,1.9602
601233.XSHG,2017-09-29,39.4224,17399.0,36.8659,37.94,12163629.0,32.2469,35.985,35.985,420096940.0,2.0187
601233.XSHG,2017-10-09,40.561,15526.0,37.4459,38.5631,11802268.0,33.1707,37.8541,37.1022,416388121.0,1.9587
601233.XSHG,2017-10-10,41.1841,10725.0,36.9518,37.8111,6895816.5,33.7078,37.5533,36.5006,236547085.0,1.1444
601233.XSHG,2017-10-11,40.647,11423.0,36.2428,37.2526,8642319.0,33.2566,37.1022,35.985,292279298.0,1.4343
601233.XSHG,2017-10-12,39.8736,9064.0,36.9088,37.5533,6888754.0,32.6121,36.5221,36.3717,237434579.0,1.1433
601233.XSHG,2017-10-13,40.604,9178.0,36.5221,37.1666,5970799.0,33.2136,36.9518,36.1569,203258290.0,0.9909
601233.XSHG,2017-10-16,40.1743,11649.0,35.5554,36.3932,6315118.0,32.8699,35.985,35.5339,210770448.0,1.0481
601233.XSHG,2017-10-17,39.1216,12180.0,35.985,36.071,5808392.0,32.0106,35.5554,34.9323,192097827.0,0.964
601233.XSHG,2017-10-18,39.5943,8618.0,35.6843,36.4362,4872103.5,32.3973,35.8991,35.4909,163156347.0,0.8086
601233.XSHG,2017-10-19,39.2505,11693.0,34.3093,35.7702,6985690.5,32.118,35.5124,34.2234,226142826.0,1.1594
601233.XSHG,2017-10-20,37.7467,7106.0,34.5886,35.0398,3888894.0,30.8719,34.1589,33.6863,124761437.0,0.6454
601233.XSHG,2017-10-23,38.0475,7939.0,35.4265,35.4265,5004915.0,31.1297,34.5456,34.5456,163284398.0,0.8306
601233.XSHG,2017-10-24,38.9713,6583.0,34.9753,35.6628,3310748.0,31.8817,35.362,34.5886,108038618.0,0.5495
601233.XSHG,2017-10-25,38.4771,5944.0,35.6628,35.7702,3393214.5,31.4735,35.2116,35.0183,112405442.0,0.5631
601233.XSHG,2017-10-26,39.2291,7057.0,35.7057,35.9206,4338234.5,32.0965,35.5554,35.1257,143602338.0,0.72
601233.XSHG,2017-10-27,39.272,10621.0,34.3308,35.6198,7824754.0,32.1395,35.5554,34.0085,252169411.0,1.2986
601233.XSHG,2017-10-30,37.7682,11662.0,34.4812,34.7605,8510850.5,30.8934,34.3308,33.7078,270817523.0,1.4125
601233.XSHG,2017-10-31,37.94,11712.0,34.4812,35.0183,6799070.5,31.0438,35.0183,34.2019,218057952.0,1.1284
601233.XSHG,2017-11-01,37.94,17615.0,36.2213,36.4577,13937725.5,31.0438,34.6316,34.5456,465247339.0,2.3131
601233.XSHG,2017-11-02,39.8521,17150.0,35.7702,37.274,15227794.5,32.5906,36.4792,35.2116,514080853.0,2.5272
601233.XSHG,2017-11-03,39.358,24920.0,33.9011,35.985,14916270.0,32.2039,35.8132,33.45,479496734.0,2.4755
601233.XSHG,2017-11-06,37.2955,13624.0,33.2996,34.03,12769534.5,30.5067,34.03,32.4188,393942119.0,2.1192
601233.XSHG,2017-11-07,36.6295,14487.0,33.7722,34.6745,12458797.0,29.9696,33.5144,33.4929,394760234.0,2.0677
601233.XSHG,2017-11-08,37.1451,11472.0,33.2781,34.0085,9806374.0,30.3993,33.9441,32.8914,305802049.0,1.6275
601233.XSHG,2017-11-09,36.6081,17312.0,34.2663,34.653,14774450.5,29.9481,33.2566,33.0633,471147251.0,2.452
601233.XSHG,2017-11-10,37.7037,14887.0,35.2331,35.6628,13157143.0,30.8504,33.9871,33.9871,427361944.0,2.1836
601233.XSHG,2017-11-13,38.7564,21226.0,36.1569,36.9518,18066499.0,31.7098,35.6628,35.4909,610367827.0,2.9983
601233.XSHG,2017-11-14,39.7661,14750.0,36.7584,36.8444,12559016.0,32.5477,36.071,35.8132,425930084.0,2.0843
601233.XSHG,2017-11-15,40.4321,12929.0,35.6413,36.4577,10266961.0,33.0847,36.4577,35.3405,342805842.0,1.7039
601233.XSHG,2017-11-16,39.2076,24779.0,37.8756,38.4556,23611675.0,32.075,35.8132,35.7917,823208160.0,3.9186
601233.XSHG,2017-11-17,41.6567,28344.0,38.3053,39.9165,26199751.5,34.0945,37.8756,37.6393,949075403.0,4.3481
601233.XSHG,2017-11-20,42.1293,23386.0,41.5708,41.6352,20653151.5,34.4812,38.7779,37.5963,766409101.0,3.4276
601233.XSHG,2017-11-21,45.7386,24999.0,42.4731,42.7094,21813088.0,37.4244,40.8188,40.4107,844841576.0,3.6201
601233.XSHG,2017-11-22,46.7268,18198.0,41.893,42.6879,12742788.0,38.2193,42.0004,41.0337,492575214.0,2.1148
601233.XSHG,2017-11-23,46.0823,18165.0,40.2388,41.979,15573454.0,37.7037,41.9145,39.4654,585950160.0,2.5846
601233.XSHG,2017-11-24,44.2562,12099.0,39.9165,41.3344,10083841.5,36.2213,39.895,39.8521,380766653.0,1.6735
601233.XSHG,2017-11-27,43.9125,18584.0,40.9477,41.9145,18287861.0,35.9206,39.9165,39.7876,701756320.0,3.0351
601233.XSHG,2017-11-28,45.0511,29309.0,45.0511,45.0511,23388951.5,36.8444,40.2817,39.3365,938483204.0,3.8817
601233.XSHG,2017-11-29,49.5627,35728.0,47.0061,49.2834,29048783.5,40.5396,45.7171,45.6526,1268862045.0,4.821
601233.XSHG,2017-11-30,51.711,27828.0,46.3616,47.0921,17345188.0,42.3012,46.9631,45.3734,743772166.0,2.8786
601233.XSHG,2017-12-01,51.0021,22486.0,45.846,47.2854,14094454.0,41.7212,45.7601,45.0511,602944191.0,2.3391
601233.XSHG,2017-12-04,50.422,27519.0,47.0491,49.0041,19258511.0,41.27,45.8245,45.5452,849987388.0,3.1962
601233.XSHG,2017-12-05,51.754,27998.0,43.6762,46.6839,20705407.5,42.3442,46.3401,42.3442,849897593.0,3.4363
601233.XSHG,2017-12-06,48.0373,20737.0,44.2562,44.5785,13545907.0,39.315,43.2465,41.6137,545701481.0,2.2481
601233.XSHG,2017-12-07,48.6818,20440.0,42.559,44.2132,10818430.5,39.8306,43.934,42.4516,436790610.0,1.7954
601233.XSHG,2017-12-08,46.8128,19911.0,44.2777,45.0726,13546074.5,38.3053,42.5375,42.5375,556275742.0,2.2481
601233.XSHG,2017-12-11,48.7033,17614.0,45.4593,46.1038,11159118.0,39.8521,44.1273,43.3109,465273638.0,1.852
601233.XSHG,2017-12-12,50.0138,18422.0,44.9437,46.2542,11115923.0,40.9048,44.7074,44.3207,468933777.0,1.8448
601233.XSHG,2017-12-13,49.4338,16238.0,45.8245,45.9534,8280898.0,40.4536,45.0081,43.5043,345289771.0,1.3743
601233.XSHG,2017-12-14,50.4005,22800.0,47.4573,48.2307,13636142.5,41.2485,45.2874,44.8792,593252053.0,2.2631
601233.XSHG,2017-12-15,52.2051,16456.0,46.6839,48.2307,9486880.5,42.7094,47.4358,45.7386,414490876.0,1.5745
601233.XSHG,2017-12-18,51.3458,10000.0,45.5237,47.178,6107296.5,42.0219,46.4046,45.4378,262953368.0,1.0136
601233.XSHG,2017-12-19,50.0783,19542.0,48.3166,48.6818,13370828.0,40.9692,45.3734,45.223,591025558.0,2.219
601233.XSHG,2017-12-20,53.1504,17437.0,47.2854,48.2736,11240378.0,43.4828,47.9084,46.2757,496452254.0,1.8655
601233.XSHG,2017-12-21,52.0118,17584.0,48.5315,49.2619,10738743.5,42.559,46.7268,46.4475,479545300.0,1.7822
601233.XSHG,2017-12-22,53.3867,23017.0,46.8772,50.1857,14425903.5,43.6762,47.7151,46.2112,651294069.0,2.3941
601233.XSHG,2017-12-25,51.5606,22902.0,45.7601,47.6936,16490221.0,42.1938,46.7053,44.4496,702144629.0,2.7367
601233.XSHG,2017-12-26,50.3361,19229.0,44.8578,45.4378,9033533.0,41.1841,45.2874,43.7836,375507002.0,1.4992
601233.XSHG,2017-12-27,49.3478,21646.0,45.7816,47.6506,12798054.0,40.3677,44.8363,44.8363,553355461.0,2.124
601233.XSHG,2017-12-28,50.3576,19847.0,46.8128,48.1877,11383354.0,41.2055,46.4905,45.7601,500277787.0,1.8892
601233.XSHG,2017-12-29,51.4962,15711.0,48.3166,48.7033,11044903.5,42.1293,47.0491,47.0491,493996707.0,1.833
601233.XSHG,2018-01-02,53.1504,24005.0,53.1504,53.1504,20423746.0,43.4828,48.7678,48.7678,993200838.0,3.3895
601233.XSHG,2018-01-03,58.4569,20924.0,52.8711,53.7949,14677089.0,47.844,52.6133,52.2696,723136445.0,2.4358
601233.XSHG,2018-01-04,58.1561,26698.0,56.7597,57.576,18789856.5,47.5862,53.7305,53.7305,975121536.0,3.1184
601233.XSHG,2018-01-05,62.4313,20814.0,57.4257,58.2635,12682570.0,51.088,55.9218,55.2129,673847237.0,2.1048
601233.XSHG,2018-01-08,63.1618,25186.0,60.6482,61.0134,12471452.0,51.6895,55.8574,55.8574,681028845.0,2.0698
601233.XSHG,2018-01-09,66.7066,28333.0,59.1658,62.195,13020294.0,54.5898,59.8103,57.9198,721005704.0,2.1609
601233.XSHG,2018-01-10,65.0738,27951.0,56.996,60.4763,16636177.0,53.2578,60.3474,56.0722,893659062.0,2.761
601233.XSHG,2018-01-11,62.6891,17602.0,56.8456,57.6405,10426650.5,51.3028,57.576,56.3085,553381157.0,1.7304
601233.XSHG,2018-01-12,62.5388,24309.0,57.8768,59.5955,13082384.5,51.1525,57.1249,56.7167,710066067.0,2.1712
601233.XSHG,2018-01-15,63.6559,22782.0,55.664,58.4354,13426200.0,52.0977,58.4354,54.1387,695949124.0,2.2282
601233.XSHG,2018-01-16,61.2283,19081.0,56.4159,58.4354,9673897.0,50.0998,55.5136,55.4921,512019830.0,1.6055
601233.XSHG,2018-01-17,62.0661,21996.0,53.4297,56.7167,12930571.5,50.7657,56.7167,52.8926,649089656.0,2.146
601233.XSHG,2018-01-18,58.7791,24228.0,56.6737,57.1034,13774046.0,48.0803,54.0742,53.5586,707626305.0,2.286
601233.XSHG,2018-01-19,62.3454,23817.0,56.7812,58.2206,9821229.5,51.0021,56.6737,55.621,519499441.0,1.6299
601233.XSHG,2018-01-22,62.4528,21340.0,58.6073,58.6717,10231569.5,51.1095,56.9101,56.0077,548259169.0,1.698
601233.XSHG,2018-01-23,64.4723,30959.0,56.8241,59.5096,14958217.5,52.7422,59.4022,54.7832,789709104.0,2.4825
601233.XSHG,2018-01-24,62.5173,21297.0,56.8671,57.0819,10589120.0,51.1525,56.9315,55.4492,554524359.0,1.7574
601233.XSHG,2018-01-25,62.5602,24124.0,57.8339,59.4666,11052352.5,51.1739,57.1464,57.1034,601963239.0,1.8343
601233.XSHG,2018-01-26,63.6129,15737.0,58.242,59.4451,7531267.5,52.0548,57.4686,56.9315,410178999.0,1.2499
601233.XSHG,2018-01-29,64.0641,27765.0,62.3669,62.5173,14333352.0,52.42,58.2206,57.8124,808926937.0,2.3788
601233.XSHG,2018-01-30,68.5971,25016.0,61.7224,63.2692,13023744.0,56.1366,61.8298,59.9607,741641019.0,2.1614
601233.XSHG,2018-01-31,67.8882,18583.0,59.4881,60.6052,9341780.5,55.5566,60.6052,58.7791,517962625.0,1.5504
601233.XSHG,2018-02-01,65.439,26439.0,56.2655,61.5075,15275250.0,53.5371,59.617,55.6425,831258135.0,2.5351
601233.XSHG,2018-02-02,61.8943,23991.0,57.1679,57.9842,11621217.0,50.6368,55.4277,51.8829,602825948.0,1.9287
601233.XSHG,2018-02-05,62.8825,16690.0,56.953,58.0487,8738351.5,51.4532,55.4921,55.1054,463215293.0,1.4502
601233.XSHG,2018-02-06,62.6462,23461.0,51.2599,55.8359,14245147.5,51.2599,54.5683,51.2599,698912773.0,2.3641
601233.XSHG,2018-02-07,56.3944,20446.0,50.8732,53.9024,12070027.0,46.1253,52.42,50.2287,590503082.0,2.0032
601233.XSHG,2018-02-08,55.9648,19871.0,51.6466,51.9259,10306233.0,45.7816,50.7872,48.1877,483740582.0,1.7104
601233.XSHG,2018-02-09,56.8026,19110.0,46.7483,49.3693,10469323.0,46.4905,47.9084,46.5335,465735083.0,1.7375
601233.XSHG,2018-02-12,51.4317,22282.0,50.1427,51.2384,11389469.0,42.0649,47.2639,46.7483,516310772.0,1.8902
601233.XSHG,2018-02-13,55.1484,15646.0,51.9688,52.9786,8196053.0,45.137,50.2287,50.2287,396818464.0,1.3602
601233.XSHG,2018-02-14,57.1679,12750.0,52.6993,53.043,4742362.0,46.7698,52.5704,51.6251,231637731.0,0.787
601233.XSHG,2018-02-22,57.9628,13268.0,54.1172,55.4062,6862053.5,47.4358,53.7949,53.2793,347398307.0,1.1388
601233.XSHG,2018-02-23,59.5311,10954.0,54.0742,55.0195,5144202.0,48.7033,54.4609,53.086,259572683.0,0.8537
601233.XSHG,2018-02-26,59.4881,18973.0,57.9413,58.0487,10530875.0,48.6604,54.5683,54.5683,552907311.0,1.7477
601233.XSHG,2018-02-27,63.7418,21576.0,56.3085,58.4139,9998955.5,52.1407,58.2206,55.3632,522767067.0,1.6594
601233.XSHG,2018-02-28,61.9372,16962.0,54.9765,55.5566,8094550.0,50.6798,55.5566,53.9238,411958702.0,1.3434
601233.XSHG,2018-03-01,60.4763,17168.0,54.0098,55.084,7390767.5,49.4767,53.709,53.4297,371803570.0,1.2266
601233.XSHG,2018-03-02,59.4022,15786.0,53.8809,55.3632,6466591.5,48.6174,53.4512,52.8711,327608539.0,1.0732
601233.XSHG,2018-03-05,59.2733,19144.0,51.131,54.2031,8622073.5,48.4885,53.8379,50.0568,413927829.0,1.4309
601233.XSHG,2018-03-06,56.2441,20595.0,52.6348,52.6993,8179810.0,46.0179,51.4962,50.0783,390953708.0,1.3575
601233.XSHG,2018-03-07,57.8983,20830.0,50.4435,52.2481,8367880.0,47.3713,51.5606,49.7775,395791333.0,1.3887
601233.XSHG,2018-03-08,55.4921,18768.0,49.7345,50.8087,8069218.5,45.3948,50.1642,49.1974,374212442.0,1.3392
601233.XSHG,2018-03-09,54.7187,17404.0,50.0353,50.6583,8476298.5,44.7718,49.9923,49.4767,394202743.0,1.4067
601233.XSHG,2018-03-12,55.041,23167.0,52.3126,52.3555,14615218.5,45.0296,50.379,50.379,702963867.0,2.4256
601233.XSHG,2018-03-13,57.5546,31866.0,54.0957,55.1914,17747093.5,47.0921,53.2793,52.6348,889563096.0,2.9453
601233.XSHG,2018-03-14,59.5096,18469.0,53.666,54.418,7379824.0,48.6818,53.709,52.7852,366894238.0,1.2248
601233.XSHG,2018-03-15,59.0369,20523.0,53.1934,54.6758,9207049.0,48.2951,52.8926,52.5274,458064524.0,1.528
601233.XSHG,2018-03-16,58.5213,18135.0,50.9376,53.1504,8017350.0,47.8655,52.7422,50.7657,388116491.0,1.3306
601233.XSHG,2018-03-19,56.0292,13569.0,50.1857,51.4317,5929109.0,45.846,51.131,49.6701,277410296.0,0.984
601233.XSHG,2018-03-20,55.2129,13145.0,50.4435,50.4865,4909482.0,45.1585,49.6701,49.0471,226749255.0,0.8148
601233.XSHG,2018-03-21,55.4921,21531.0,50.7013,52.4844,9161829.0,45.3948,50.7013,50.5294,440896252.0,1.5205
601233.XSHG,2018-03-22,55.7714,12671.0,51.1739,52.0548,5488033.0,45.6312,51.2599,49.9494,259933116.0,0.9108
601233.XSHG,2018-03-23,56.287,17873.0,47.2639,49.7131,9365308.0,46.0608,48.9182,46.2112,418952004.0,1.5543
601233.XSHG,2018-03-26,51.9903,22563.0,47.0921,47.2639,11485800.5,42.5375,46.2327,44.6429,492660834.0,1.9062
601233.XSHG,2018-03-27,51.797,21776.0,45.6741,48.2522,13018512.0,42.3871,48.1877,45.0081,564347904.0,2.1606
601233.XSHG,2018-03-28,50.2501,20641.0,45.3734,46.5335,9532300.0,41.0981,44.6859,44.1488,403785905.0,1.582
601233.XSHG,2018-03-29,49.9064,27305.0,47.5217,47.9514,14628337.5,40.8403,45.5023,43.3109,617571300.0,2.4277
601233.XSHG,2018-03-30,52.2696,15113.0,47.3713,47.8655,8834225.0,42.7738,47.0061,46.7268,389794025.0,1.4661
601233.XSHG,2018-04-02,52.1192,19641.0,47.9084,49.6701,10013097.0,42.6449,48.467,47.5432,453744524.0,1.6618
601233.XSHG,2018-04-03,52.6993,15838.0,47.8655,48.1233,7164694.5,43.1176,46.9631,46.1897,314003462.0,1.1891
601233.XSHG,2018-04-04,52.6563,14421.0,47.1565,48.5529,7198732.5,43.0746,47.9084,47.0491,319515892.0,1.1947
601233.XSHG,2018-04-09,51.8829,15109.0,45.4378,47.4358,6626740.5,42.4516,46.7483,45.2659,283012536.0,1.0998
601233.XSHG,2018-04-10,49.9923,20777.0,48.1877,48.467,9523486.5,40.9048,45.846,45.4808,417158908.0,1.5805
601233.XSHG,2018-04-11,53.0,25385.0,49.8849,51.0235,13026346.5,43.3754,50.2072,49.5197,608148246.0,2.1619
601233.XSHG,2018-04-12,54.8691,19022.0,50.465,51.5177,9468503.0,44.9007,50.2716,49.176,444690575.0,1.5714
601233.XSHG,2018-04-13,55.5136,12190.0,49.5197,50.7013,4794429.5,45.4163,50.4865,49.3049,222232515.0,0.7957
601233.XSHG,2018-04-16,54.4824,15062.0,48.7893,49.8205,7147380.0,44.5785,49.8205,47.7366,322978191.0,1.1862
601233.XSHG,2018-04-17,53.666,12801.0,47.6506,48.9396,6040622.5,43.9125,48.7678,47.5432,271002980.0,1.0025
601233.XSHG,2018-04-18,52.42,12380.0,48.2522,48.4885,6364652.5,42.8813,48.3381,46.7913,283887529.0,1.0563
601233.XSHG,2018-04-19,53.086,20194.0,51.0235,51.088,11644728.0,43.4184,48.5529,48.5529,544676434.0,1.9326
601233.XSHG,2018-04-20,56.1366,12798.0,50.422,50.9806,7468771.5,45.9319,50.4865,49.176,347220987.0,1.2395
601233.XSHG,2018-04-23,55.4707,12954.0,49.1974,50.379,5044956.0,45.3734,49.9064,48.1447,232020185.0,0.8373
601233.XSHG,2018-04-24,54.1172,18137.0,51.754,51.9903,9767587.5,44.2777,50.0568,49.4123,466529675.0,1.621
601233.XSHG,2018-04-25,56.9315,10883.0,51.1954,51.8184,5535640.0,46.5764,51.1525,50.9376,264928895.0,0.9187
601233.XSHG,2018-04-26,56.3085,12373.0,49.4767,51.6251,5992699.5,46.0823,51.1525,49.1974,279259504.0,0.9946
601233.XSHG,2018-04-27,54.418,9817.0,49.4123,50.4005,5040510.5,44.5355,49.5412,49.1974,233320666.0,0.8365
601233.XSHG,2018-05-02,54.3535,10565.0,50.3576,50.5939,4924299.5,44.4711,49.1974,49.1974,229240306.0,0.8172
601233.XSHG,2018-05-03,55.3847,19903.0,52.2051,52.2481,9581909.0,45.3304,50.3146,49.1974,455696377.0,1.5902
601233.XSHG,2018-05-04,57.4257,13922.0,51.9903,52.7637,7852773.0,46.9846,51.9473,51.6251,382562446.0,1.3033
601233.XSHG,2018-05-07,57.1893,20059.0,53.9024,54.9121,13001534.5,46.7913,52.3126,52.2266,648011981.0,2.1577
601233.XSHG,2018-05-08,59.2947,22403.0,54.2246,55.3847,10155661.5,48.51,54.0957,53.3653,513588189.0,1.6854
601233.XSHG,2018-05-09,59.6385,14829.0,53.2149,55.3203,7708658.5,48.8107,55.2988,52.6993,385251278.0,1.2793
601233.XSHG,2018-05-10,58.5428,13581.0,54.0313,54.8476,6422362.0,47.8869,53.6875,53.2793,323351530.0,1.0659
601233.XSHG,2018-05-11,59.4451,12403.0,54.5254,54.998,6183575.5,48.6389,54.1387,53.0645,312127404.0,1.0262
601233.XSHG,2018-05-14,59.9822,14401.0,53.2578,54.7617,7496430.5,49.0685,54.5469,53.0645,376516952.0,1.2441
601233.XSHG,2018-05-15,58.59,12534.0,54.8695,54.9905,6585040.7143,47.9428,53.7806,53.5689,331930299.0,1.0929
601233.XSHG,2018-05-16,60.3444,25646.0,51.9657,54.446,11433263.2143,49.3947,54.446,51.754,558737339.0,1.8975
601233.XSHG,2018-05-17,57.1683,34510.0,54.93,56.7751,16080371.4286,46.7631,52.117,52.117,812184612.0,2.6687
601233.XSHG,2018-05-18,60.4351,36836.0,58.2875,58.5295,19822064.6429,49.4249,55.5652,55.5652,1049911969.0,3.2897
601233.XSHG,2018-05-21,64.1253,30177.0,59.3764,60.1931,12045194.6429,52.4497,59.2857,57.5011,659646234.0,1.999
601233.XSHG,2018-05-22,65.305,27329.0,59.7697,61.5845,10455201.0714,53.4479,59.0437,58.711,582092507.0,1.7352
601233.XSHG,2018-05-23,65.7587,35018.0,57.2893,58.7715,18329961.7857,53.7806,58.7715,56.2004,973654612.0,3.0421
601233.XSHG,2018-05-24,63.0062,21625.0,55.656,56.9869,9156956.0714,51.5725,56.8356,55.535,476146179.0,1.5197
601233.XSHG,2018-05-25,61.2215,22276.0,54.2646,55.8677,9456577.1429,50.0904,55.8374,53.8713,478510713.0,1.5694
601233.XSHG,2018-05-28,59.6789,23106.0,53.2361,54.3855,9948530.3571,48.8502,53.1454,52.0565,489659030.0,1.6511
601233.XSHG,2018-05-29,58.5597,14951.0,52.5707,54.2343,5481037.8571,47.9125,53.3874,52.3589,269528503.0,0.9096
601233.XSHG,2018-05-30,57.8338,19538.0,52.0262,52.7522,6750576.4286,47.3076,51.3003,50.5441,323965862.0,1.1203
601233.XSHG,2018-05-31,57.2288,22788.0,53.2664,54.0226,7194676.0714,46.8236,52.8127,52.0565,353386886.0,1.194
601233.XSHG,2018-06-01,58.59,12271.0,51.9355,53.3269,4241282.8571,47.9428,52.9336,51.3608,205669340.0,0.7039
601233.XSHG,2018-06-04,57.1381,11920.0,53.2664,53.5386,5169532.1429,46.7329,51.8447,51.4213,251391912.0,0.8579
601233.XSHG,2018-06-05,58.59,11443.0,53.9318,54.1133,6519061.7857,47.9428,53.0546,52.7522,322703041.0,1.0819
601233.XSHG,2018-06-06,59.3159,11536.0,53.3269,53.9318,5674635.7143,48.5477,53.8411,52.8429,279692273.0,0.9418
601233.XSHG,2018-06-07,58.6505,16772.0,52.238,53.5084,6544769.6429,48.0033,53.3269,51.5423,316642805.0,1.0862
601233.XSHG,2018-06-08,57.4708,14209.0,52.1472,53.0244,5525231.4286,47.0051,52.3287,51.6632,267877602.0,0.917
601233.XSHG,2018-06-11,57.3498,10844.0,52.5707,52.6009,4251439.2857,46.9446,51.996,50.6046,203396984.0,0.7056
601233.XSHG,2018-06-12,57.8338,9069.0,52.8127,53.0546,4204104.2857,47.3076,52.3287,51.6027,204392941.0,0.6977
601233.XSHG,2018-06-13,58.106,10087.0,51.4515,52.9336,5135659.2857,47.5193,52.9336,51.028,246622661.0,0.8523
601233.XSHG,2018-06-14,56.5936,7934.0,51.512,52.0867,3279776.7857,46.3094,51.4515,51.27,156810599.0,0.5443
601233.XSHG,2018-06-15,56.6541,14943.0,52.4194,53.3874,6871415.0,46.3699,51.6632,51.4213,333660291.0,1.1404
601233.XSHG,2018-06-19,57.6523,20527.0,48.3057,51.2398,8935671.0714,47.1866,50.8163,47.1866,403752118.0,1.483
601233.XSHG,2018-06-20,53.1454,10468.0,49.0317,49.5156,4393731.4286,43.4661,48.1242,46.8841,198385414.0,0.7292
601233.XSHG,2018-06-21,53.9318,12023.0,47.852,50.2718,4435860.3571,44.1315,49.5459,47.6705,201647768.0,0.7362
601233.XSHG,2018-06-22,52.6312,9356.0,49.0014,49.1527,3784079.6429,43.0729,47.8823,46.6119,170232327.0,0.628
601233.XSHG,2018-06-25,53.9016,12731.0,49.4249,51.149,5578527.8571,44.1013,50.2113,49.0922,259104253.0,0.9258
601233.XSHG,2018-06-26,54.3553,12950.0,49.5459,49.8484,5196533.2143,44.4945,48.4267,48.094,235024793.0,0.8624
601233.XSHG,2018-06-27,54.5065,11893.0,48.8804,50.907,5422890.0,44.5853,50.1206,48.3965,248571626.0,0.9
601233.XSHG,2018-06-28,53.7806,15303.0,50.5138,51.0885,9446238.2143,43.9803,49.1829,49.0619,440385707.0,1.5677
601233.XSHG,2018-06-29,55.5652,11654.0,52.0867,52.2984,6391960.3571,45.4624,50.0904,50.0904,303725584.0,1.0608
601233.XSHG,2018-07-02,57.2893,15803.0,49.1224,52.6312,8627572.8571,46.8841,52.4497,48.6082,402629229.0,1.4318
601233.XSHG,2018-07-03,54.0226,15459.0,49.9089,50.6953,8117553.2143,44.2223,50.3626,48.4872,370544613.0,1.3472
601233.XSHG,2018-07-04,54.8998,15987.0,50.3323,51.0583,6190921.7857,44.918,49.9089,49.3644,289131792.0,1.0275
601233.XSHG,2018-07-05,55.3535,14487.0,48.336,50.7256,5944763.2143,45.3112,50.4836,47.489,268272923.0,0.9866
601233.XSHG,2018-07-06,53.1756,14020.0,48.2452,49.1527,5322969.6429,43.4963,47.852,46.6421,237067526.0,0.8834
601233.XSHG,2018-07-09,53.0849,16422.0,51.391,51.4515,6718122.8571,43.4358,49.0014,48.6687,311745941.0,1.1149
601233.XSHG,2018-07-10,56.5331,15085.0,52.3589,52.7522,7279834.2857,46.2489,51.27,50.6953,350781610.0,1.2082
601233.XSHG,2018-07-11,57.5918,13183.0,52.0262,52.0565,5196777.1429,47.1261,50.8163,50.2718,246856127.0,0.8625
601233.XSHG,2018-07-12,57.2288,15607.0,53.0546,53.6898,6755856.4286,46.8236,51.4818,51.4515,330200014.0,1.1212
601233.XSHG,2018-07-13,58.348,13653.0,54.1133,54.7485,6482442.5,47.7613,52.8127,52.8127,322157825.0,1.0758
601233.XSHG,2018-07-16,59.5277,11949.0,53.2966,54.7183,4626548.2143,48.699,54.0831,52.7824,228773191.0,0.7678
601233.XSHG,2018-07-17,58.6202,12476.0,52.5707,53.0849,4820215.3571,47.973,53.0849,51.6027,232732658.0,0.8
601233.XSHG,2018-07-18,57.8338,14634.0,51.6632,53.3269,5338083.2143,47.3076,52.6312,51.4213,258026192.0,0.8859
601233.XSHG,2018-07-19,56.8356,11432.0,52.4497,52.6614,3833155.7143,46.4909,51.4515,51.27,184611655.0,0.6362
601233.XSHG,2018-07-20,57.6826,12949.0,52.6312,53.0546,5378911.0714,47.2168,52.117,51.3003,260005054.0,0.8927
601233.XSHG,2018-07-23,57.8943,14985.0,54.2646,54.3855,6745775.0,47.3681,52.8732,51.9052,331404444.0,1.1195
601233.XSHG,2018-07-24,59.6789,30746.0,56.5634,58.3783,17543441.4286,48.8502,55.9584,55.0812,925985054.0,2.9115
601233.XSHG,2018-07-25,62.2197,18629.0,57.1078,58.1665,7141164.2857,50.907,56.9264,55.9584,377379574.0,1.1852
601233.XSHG,2018-07-26,62.8247,13532.0,55.4745,57.9245,6192409.6429,51.391,57.9245,55.3837,322335210.0,1.0277
601233.XSHG,2018-07-27,61.0098,10435.0,55.7769,56.3517,4627347.8571,49.9391,55.5047,54.6578,237130095.0,0.768
601233.XSHG,2018-07-30,61.3425,24295.0,57.3801,58.5597,9975569.2857,50.2113,56.3214,56.3214,532405763.0,1.6556
601233.XSHG,2018-07-31,63.1272,15942.0,57.0171,57.4708,6641432.5,51.633,57.4708,55.535,347475954.0,1.1022
601233.XSHG,2018-08-01,62.7339,25666.0,57.4708,58.5597,9592847.5,51.3305,56.3214,56.3214,514179775.0,1.592
601233.XSHG,2018-08-02,63.2179,24568.0,58.953,59.3462,12204702.5,51.7237,57.6221,54.7788,641122948.0,2.0255
601233.XSHG,2018-08-03,64.8513,25272.0,58.469,59.8301,10710365.3571,53.0546,58.3178,57.4406,580643066.0,1.7775
601233.XSHG,2018-08-06,64.3068,22456.0,52.6312,58.0455,13042525.3571,52.6312,58.0455,52.6312,665360695.0,2.1646
601233.XSHG,2018-08-07,57.8943,26048.0,53.1756,53.2361,13368168.5714,47.3681,50.5138,48.4267,634301672.0,2.2186
601233.XSHG,2018-08-08,58.4992,21614.0,50.6348,52.8429,8966405.7143,47.852,51.875,50.3626,425204326.0,1.4881
601233.XSHG,2018-08-09,55.6862,16494.0,52.9034,53.9923,7904386.7857,45.5834,50.8163,50.6651,385228403.0,1.3118
601233.XSHG,2018-08-10,58.1968,15617.0,53.2059,54.8695,7476250.3571,47.61,53.8713,52.6614,371029363.0,1.2408
601233.XSHG,2018-08-13,58.5295,16292.0,54.2948,54.7788,6305788.2143,47.8823,53.1151,53.0849,314900604.0,1.0465
601233.XSHG,2018-08-14,59.7394,25690.0,56.2004,56.5936,9333372.8571,48.8804,54.325,53.7806,482875365.0,1.549
601233.XSHG,2018-08-15,61.8265,16348.0,56.0189,56.6239,6693737.5,50.5743,56.1399,55.2325,346825424.0,1.1109
601233.XSHG,2018-08-16,61.6148,17589.0,54.7788,55.9584,7659827.5,50.4231,55.9584,53.7201,388182250.0,1.2712
601233.XSHG,2018-08-17,60.2536,23760.0,52.2077,55.8979,10018609.2857,49.3039,55.051,51.1793,493321681.0,1.6627
601233.XSHG,2018-08-20,57.4406,19942.0,53.8108,53.8108,7275545.0,46.9748,52.2077,51.512,356615265.0,1.2075
601233.XSHG,2018-08-21,59.1949,18551.0,54.688,55.5047,7476810.0,48.4267,54.446,54.2646,379699581.0,1.2409
601233.XSHG,2018-08-22,60.1629,15438.0,54.688,55.293,4769526.7857,49.2132,54.4763,53.9318,241559858.0,0.7916
601233.XSHG,2018-08-23,60.1629,18277.0,53.8713,55.1417,6787268.9286,49.2132,54.8695,52.3287,339056614.0,1.1264
601233.XSHG,2018-08-24,59.2554,15121.0,54.0226,54.93,4579318.2143,48.4872,53.4781,53.1151,229706937.0,0.76
601233.XSHG,2018-08-27,59.4369,20123.0,55.8374,56.2609,8304595.3571,48.6082,54.5368,54.1436,426776785.0,1.3782
601233.XSHG,2018-08-28,61.4333,27534.0,58.6807,59.1344,14911734.2857,50.2416,56.1097,55.9584,797846852.0,2.4748
601233.XSHG,2018-08-29,64.5488,25264.0,57.4708,58.9227,9626045.7143,52.8127,58.6807,56.8356,513977712.0,1.5975
601233.XSHG,2018-08-30,63.2179,25421.0,55.3535,57.9245,10020394.2857,51.7237,57.864,54.9905,519465476.0,1.663
601233.XSHG,2018-08-31,60.8888,17663.0,54.93,55.8677,5563429.2857,49.8181,55.4745,54.7485,284912948.0,0.9233
601233.XSHG,2018-09-03,60.4351,18920.0,54.5973,54.6275,7308323.9286,49.4249,54.446,52.8732,363695415.0,1.2129
601233.XSHG,2018-09-04,60.0721,21334.0,54.3553,55.3535,6621447.8571,49.1527,54.325,53.8713,334248955.0,1.0989
601233.XSHG,2018-09-05,59.7999,20988.0,52.7824,54.325,5692966.7857,48.9107,53.8108,52.6917,281532532.0,0.9448
601233.XSHG,2018-09-06,58.0758,24121.0,52.0262,52.9336,7275946.7857,47.5193,52.6312,51.3305,350437892.0,1.2075
601233.XSHG,2018-09-07,57.2288,18205.0,51.7842,53.3874,5289923.9286,46.8236,52.0565,51.4515,256572635.0,0.8779
601233.XSHG,2018-09-10,56.9566,20536.0,49.8786,52.0867,7772351.7857,46.6119,51.7842,49.6669,361832606.0,1.2899
601233.XSHG,2018-09-11,54.8695,28195.0,47.0656,50.3021,12383989.6429,44.8877,50.0904,46.5816,547625572.0,2.0553
601233.XSHG,2018-09-12,51.7842,16848.0,47.61,48.457,6283893.2143,42.3469,47.0656,47.0656,277708077.0,1.0429
601233.XSHG,2018-09-13,52.3589,17603.0,48.3057,48.9712,6913665.0,42.8611,48.3057,47.5495,309328189.0,1.1474
601233.XSHG,2018-09-14,53.1454,16819.0,49.0317,49.8484,5941184.2857,43.4661,48.2755,47.8218,270228416.0,0.986
601233.XSHG,2018-09-17,53.9318,19607.0,45.9464,49.0014,7420524.2857,44.1315,49.0014,45.9464,322269634.0,1.2315
601233.XSHG,2018-09-18,50.5441,28999.0,47.9125,49.0014,8192496.4286,41.3487,45.2507,45.1902,357810689.0,1.3596
601233.XSHG,2018-09-19,52.6917,20788.0,49.4854,50.4231,9709197.5,43.1334,48.094,47.7915,443774433.0,1.6113
601233.XSHG,2018-09-20,54.446,18811.0,49.4552,50.5138,7958980.7143,44.5248,49.4854,48.6687,366693022.0,1.3209
601233.XSHG,2018-09-21,54.4158,18216.0,50.8163,51.3608,6621848.9286,44.5248,49.4552,49.0014,307249693.0,1.099
601233.XSHG,2018-09-25,55.8979,13755.0,50.5441,51.27,3660368.5714,45.7347,50.4533,49.9391,171427973.0,0.6075
601233.XSHG,2018-09-26,55.5955,20441.0,50.2113,50.907,7544170.7143,45.4927,50.6046,49.2737,350249228.0,1.252
601233.XSHG,2018-09-27,55.2325,19331.0,49.6669,50.9978,5010517.5,45.1902,50.1509,49.1829,230996953.0,0.8316
601233.XSHG,2018-09-28,54.6275,18647.0,49.7274,50.1206,6101218.9286,44.7062,49.6669,48.7595,278793503.0,1.0126
601233.XSHG,2018-10-08,54.688,25070.0,46.2186,49.1527,9798062.8571,44.7667,49.0317,45.9767,425687002.0,1.6261
601233.XSHG,2018-10-09,50.8466,18150.0,46.4304,47.0656,4938736.7857,41.5907,46.4001,46.2186,213185127.0,0.8196
601233.XSHG,2018-10-10,51.0885,16345.0,46.5816,47.731,5576879.6429,41.8025,46.7329,46.4304,243130297.0,0.9255
601233.XSHG,2018-10-11,51.2398,30167.0,42.0444,44.9785,11134678.2143,41.9235,44.4643,41.9235,445152150.0,1.8479
601233.XSHG,2018-10-12,46.2489,29713.0,41.8327,42.6192,11410843.9286,37.84,42.0142,38.9894,430946274.0,1.8938
601233.XSHG,2018-10-15,46.0069,20195.0,40.1388,42.4982,7350296.4286,37.6585,42.0444,39.8666,278765146.0,1.2199
601233.XSHG,2018-10-16,44.1618,22603.0,39.4431,41.3185,8781969.6429,36.1159,40.5018,38.9592,324692337.0,1.4575
601233.XSHG,2018-10-17,43.3753,20506.0,39.2919,40.3808,8822360.3571,35.5109,40.2598,37.356,319464983.0,1.4642
601233.XSHG,2018-10-18,43.2241,17912.0,37.2653,39.0197,7160996.7857,35.3597,38.8684,37.0233,252370234.0,1.1884
601233.XSHG,2018-10-19,40.9858,24943.0,38.4752,38.8382,8482635.7143,33.5448,36.3881,35.8436,294969532.0,1.4078
601233.XSHG,2018-10-22,42.3167,21852.0,40.5623,41.0765,9950559.6429,34.6337,39.0802,38.6567,371493581.0,1.6514
601233.XSHG,2018-10-23,44.6155,19299.0,39.0197,40.5925,7587236.7857,36.5091,40.5925,38.6567,276974212.0,1.2592
601233.XSHG,2018-10-24,42.9216,26654.0,37.1443,38.9894,13570494.6429,35.1177,38.6264,36.2671,467109139.0,2.2522
601233.XSHG,2018-10-25,40.8648,27115.0,37.6283,37.6888,10785579.2857,33.4238,35.8436,34.4825,360033679.0,1.79
601233.XSHG,2018-10-26,41.379,24418.0,36.9023,38.8382,8597662.1429,33.8775,38.5962,36.4184,297018042.0,1.4269
601233.XSHG,2018-10-29,40.5925,24316.0,36.1764,37.6888,8788210.7143,33.2121,37.0838,35.9646,299145627.0,1.4585
601233.XSHG,2018-10-30,39.8061,22704.0,37.4468,37.8702,9135706.4286,32.5466,36.0856,35.3899,313063625.0,1.5162
601233.XSHG,2018-10-31,41.1975,24353.0,38.5357,38.8382,8768725.0,33.696,37.6585,37.2048,310069425.0,1.4553
601233.XSHG,2018-11-01,42.3772,27854.0,38.203,39.5036,9306283.2143,34.6942,38.4147,38.1727,333894502.0,1.5445
601233.XSHG,2018-11-02,42.0142,34911.0,40.3203,40.5623,14849748.5714,34.3917,39.2919,38.7172,543253771.0,2.4645
601233.XSHG,2018-11-05,44.3433,23325.0,39.5036,40.1691,8635363.9286,36.2974,39.8968,39.0197,315303250.0,1.4331
601233.XSHG,2018-11-06,43.4661,16245.0,39.2314,39.4734,5806622.5,35.5412,39.1709,38.4147,209256805.0,0.9637
601233.XSHG,2018-11-07,43.1636,16238.0,38.4752,39.5944,6628507.8571,35.2992,39.0499,38.445,238735306.0,1.1001
601233.XSHG,2018-11-08,42.3167,17932.0,37.3863,38.8684,6743739.2857,34.6337,38.7777,37.1141,237075589.0,1.1192
601233.XSHG,2018-11-09,41.137,22966.0,37.719,38.4147,6275473.9286,33.6356,37.5375,36.7813,220446908.0,1.0415
601233.XSHG,2018-11-12,41.5,22653.0,38.3542,38.4752,8247547.1429,33.938,37.6888,37.1745,288820470.0,1.3688
601233.XSHG,2018-11-13,42.1957,42658.0,38.9894,39.1407,11093381.0714,34.5127,37.7493,37.356,392354284.0,1.8411
601233.XSHG,2018-11-14,42.8914,31166.0,37.4165,38.445,14419588.9286,35.0874,38.445,37.0838,503528544.0,2.3931
601233.XSHG,2018-11-15,41.1673,19929.0,37.5678,37.9307,9112520.3571,33.6658,37.3863,37.2955,316833459.0,1.5123
601233.XSHG,2018-11-16,41.3185,21562.0,37.9005,38.3542,8442576.4286,33.817,37.8097,37.4165,296122998.0,1.4011
601233.XSHG,2018-11-19,41.6815,21647.0,38.082,38.2635,8923802.1429,34.1195,38.0215,37.3258,312529076.0,1.481
601233.XSHG,2018-11-20,41.8932,23440.0,36.5393,38.2937,10409270.3571,34.2708,37.8702,36.3881,359688144.0,1.7275
601233.XSHG,2018-11-21,40.1993,21366.0,36.0251,36.3579,8970505.7143,32.8794,35.6924,34.9967,296461118.0,1.4888
601233.XSHG,2018-11-22,39.6246,16526.0,36.0554,36.3579,4363589.6429,32.4256,36.0554,35.7227,145572423.0,0.7242
601233.XSHG,2018-11-23,39.6549,28622.0,33.2726,35.9344,13231818.2143,32.4559,35.8436,33.1516,417663253.0,2.196
601233.XSHG,2018-11-26,36.5998,28035.0,31.5485,32.8189,14803412.8571,29.9453,32.8189,31.004,438272925.0,2.4568
601233.XSHG,2018-11-27,34.6942,25860.0,32.3651,32.9096,11807897.8571,28.4027,32.2744,31.8509,353864591.0,1.9597
601233.XSHG,2018-11-28,35.6017,21529.0,32.4861,33.0911,7987533.2143,29.1286,32.7584,32.1534,240921569.0,1.3256
601233.XSHG,2018-11-29,35.7227,21653.0,31.9417,33.0911,7571930.3571,29.2496,32.6979,31.8207,228017283.0,1.1882
601233.XSHG,2018-11-30,35.1479,19437.0,32.4861,32.7281,7863628.5714,28.7354,32.0324,31.7904,234591408.0,1.2339
601233.XSHG,2018-12-03,35.7227,33467.0,34.18,35.0874,17048346.7857,29.2496,33.817,33.1213,538176142.0,2.6752
601233.XSHG,2018-12-04,37.598,23278.0,34.3615,34.5732,10928163.2143,30.762,34.2708,33.9078,346279454.0,1.7148
601233.XSHG,2018-12-05,37.8097,17244.0,33.817,34.059,8006257.5,30.9133,33.3028,33.2726,249323150.0,1.2563
601233.XSHG,2018-12-06,37.2048,20419.0,32.9701,33.817,7011263.9286,30.4293,33.7565,32.9096,215944693.0,1.1002
601233.XSHG,2018-12-07,36.2671,25339.0,34.3615,34.6337,12280381.4286,29.6731,33.1213,33.1213,387834262.0,1.927
601233.XSHG,2018-12-10,37.8097,21129.0,33.4238,34.3313,7645579.6429,30.9133,34.1498,33.1818,237895075.0,1.1997
601233.XSHG,2018-12-11,36.7813,14917.0,33.2726,33.817,6551373.2143,30.0966,33.6053,32.8189,201204029.0,1.028
601233.XSHG,2018-12-12,36.5998,17711.0,33.9683,34.2405,8118583.9286,29.9453,33.3633,33.2726,253427793.0,1.274
601233.XSHG,2018-12-13,37.356,23155.0,34.3917,34.9665,10859834.6429,30.5805,33.9683,33.4843,344376776.0,1.7041
601233.XSHG,2018-12-14,37.84,21082.0,34.2405,34.6035,10042127.5,30.9435,34.422,34.059,319195741.0,1.5758
601233.XSHG,2018-12-17,37.6585,25631.0,32.7281,33.817,11754225.0,30.8225,33.817,32.2139,356808413.0,1.8445
601233.XSHG,2018-12-18,35.9949,21347.0,32.2139,33.0608,9405082.5,29.4614,32.3954,31.9719,281804194.0,1.4758
601233.XSHG,2018-12-19,35.4504,16589.0,31.9114,32.4256,6312883.2143,29.0076,31.9417,31.6997,187400243.0,0.9906
601233.XSHG,2018-12-20,35.1177,18995.0,31.5485,31.9719,7955744.6429,28.7354,31.7904,30.9435,231656763.0,1.2484
601233.XSHG,2018-12-21,34.6942,18158.0,30.9435,31.3367,7379082.1429,28.4027,31.246,30.4293,210691813.0,1.1579
601233.XSHG,2018-12-24,34.0288,12193.0,31.246,31.3367,5128800.7143,27.8582,30.9133,30.5805,147580051.0,0.8048
601233.XSHG,2018-12-25,34.3615,20972.0,29.9756,30.7318,10455115.3571,28.1305,30.6713,29.1891,289448110.0,1.6406
601233.XSHG,2018-12-26,32.9701,15921.0,29.8546,30.4293,6509158.2143,26.981,30.0663,29.7033,180897327.0,1.0214
601233.XSHG,2018-12-27,32.8491,15921.0,29.8546,31.004,8014202.1429,26.86,30.7015,29.8243,225708936.0,1.2576
601233.XSHG,2018-12-28,32.8491,16887.0,29.5219,30.0663,6531328.5714,26.86,29.9453,29.2799,178822806.0,1.0249
601233.XSHG,2019-01-02,32.4861,15777.0,28.9471,29.7941,5735693.9286,26.5576,29.7336,28.8564,154977752.0,0.9
601233.XSHG,2019-01-03,31.8509,14305.0,28.9169,29.3706,5572560.7143,26.0434,29.0379,28.8262,149820896.0,0.8744
601233.XSHG,2019-01-04,31.8207,19571.0,29.9453,30.0361,10457331.0714,26.0131,28.7052,28.2514,284680923.0,1.6409
601233.XSHG,2019-01-07,32.9399,15262.0,30.399,30.4595,9074376.4286,26.9508,30.278,29.7336,252946819.0,1.4239
601233.XSHG,2019-01-08,33.4541,13825.0,30.4898,30.9133,7345013.9286,27.3743,30.2176,30.0966,207731208.0,1.1526
601233.XSHG,2019-01-09,33.5448,22262.0,31.3065,32.0324,13849038.2143,27.4348,30.7318,30.4898,402741422.0,2.1732
601233.XSHG,2019-01-10,34.4522,16158.0,31.4275,31.609,7977103.2143,28.1909,31.488,30.9737,231221395.0,1.2518
601233.XSHG,2019-01-11,34.5732,11999.0,31.2157,31.5485,6519576.0714,28.2817,31.367,31.0645,188742962.0,1.023
601233.XSHG,2019-01-14,34.3313,21850.0,31.6694,32.0022,8465249.2857,28.1002,31.3065,31.3065,248359708.0,1.3284
601233.XSHG,2019-01-15,34.8455,16974.0,32.0627,32.2442,7927147.5,28.4934,31.609,31.3367,233480612.0,1.2439
601233.XSHG,2019-01-16,35.2689,15348.0,32.5769,32.8189,8007056.4286,28.8564,32.0022,32.0022,240504705.0,1.2565
601233.XSHG,2019-01-17,35.8436,12553.0,31.6997,32.6071,5905193.5714,29.3101,32.5164,31.4577,174732872.0,0.9266
601233.XSHG,2019-01-18,34.8757,19189.0,32.3954,32.6374,9644861.0714,28.5237,31.8509,31.5182,286333001.0,1.5135
601233.XSHG,2019-01-21,35.6319,33053.0,34.3313,34.4825,20427521.4286,29.1589,32.5769,32.5769,637791626.0,3.2055
601233.XSHG,2019-01-22,37.7795,23178.0,33.4238,34.5732,12269393.2143,30.9133,34.3313,33.2726,384452353.0,1.9253
601233.XSHG,2019-01-23,36.7813,19513.0,33.3936,33.7565,8966607.5,30.0966,33.1516,32.7281,275170357.0,1.407
601233.XSHG,2019-01-24,36.7208,20440.0,32.1534,33.3028,11826183.9286,30.0663,33.2726,32.0324,355042379.0,1.8557
601233.XSHG,2019-01-25,35.3597,17910.0,32.7281,33.2121,9707499.2857,28.9471,32.2744,32.2744,295247974.0,1.5233
601233.XSHG,2019-01-28,35.9949,16862.0,32.3047,33.4541,7730347.1429,29.4614,32.6676,32.2139,234124964.0,1.213
601233.XSHG,2019-01-29,35.5412,15071.0,32.6071,33.0003,6988476.4286,29.0681,32.0022,31.7299,209694117.0,1.0966
601233.XSHG,2019-01-30,35.8739,11550.0,32.8189,33.1213,6060454.2857,29.3404,32.4861,32.3349,184333333.0,0.951
601233.XSHG,2019-01-31,36.1159,17280.0,32.1534,33.0911,8740497.5,29.5521,32.8794,31.6392,261142199.0,1.3715
601233.XSHG,2019-02-01,35.3597,13246.0,32.9096,32.9399,7968564.2857,28.9471,32.4256,31.9417,239242424.0,1.2504
601233.XSHG,2019-02-11,36.2066,26303.0,32.5769,32.7886,15982372.8571,29.6126,32.7281,31.5485,476298422.0,2.5079
601233.XSHG,2019-02-12,35.8436,40078.0,35.1479,35.1479,24851574.6429,29.3101,32.5164,32.2139,782011422.0,3.8997
601233.XSHG,2019-02-13,38.6567,31425.0,35.2387,35.9344,21513455.3571,31.6392,34.7245,34.5127,701830475.0,3.3759
601233.XSHG,2019-02-14,38.7777,37597.0,36.9023,37.2653,25029242.5,31.7299,35.3597,35.2689,846085819.0,3.9276
601233.XSHG,2019-02-15,40.5925,24378.0,36.5393,37.0838,14480343.5714,33.2121,36.6301,35.9949,489461022.0,2.2722
601233.XSHG,2019-02-18,40.1993,28020.0,38.2937,38.5357,18799808.2143,32.8794,37.3863,36.7511,656699824.0,2.95
601233.XSHG,2019-02-19,42.1352,25690.0,38.5357,38.5357,14651877.1429,34.4522,38.324,36.9628,512360566.0,2.2992
601233.XSHG,2019-02-20,42.3772,16027.0,37.84,38.324,9844437.1429,34.6942,38.0517,37.6888,346231569.0,1.5448
601233.XSHG,2019-02-21,41.621,32071.0,36.6906,38.1122,21626847.5,34.059,38.0517,36.2671,744853713.0,3.3937
601233.XSHG,2019-02-22,40.3506,19926.0,37.2048,37.2653,12725283.9286,33.0306,36.5998,36.1764,434483412.0,1.9968
601233.XSHG,2019-02-25,40.9253,36985.0,39.1407,39.4431,24030887.8571,33.4843,37.8702,37.356,855037188.0,3.7709
601233.XSHG,2019-02-26,43.0426,34308.0,39.4431,40.9253,21752407.8571,35.2387,39.0499,38.1425,793173550.0,3.4134
601233.XSHG,2019-02-27,43.3753,23121.0,39.1104,40.3506,14704545.3571,35.5109,39.1104,38.7172,538368924.0,2.3074
601233.XSHG,2019-02-28,43.0124,15517.0,39.2616,40.0783,9038272.1429,35.2084,38.8987,38.8987,330470526.0,1.4183
601233.XSHG,2019-03-01,43.1939,17806.0,38.8987,39.6246,11690895.3571,35.3294,39.5944,38.3542,420129479.0,1.8345
601233.XSHG,2019-03-04,42.8006,26940.0,39.1104,39.8968,18104200.7143,34.9967,39.1709,38.7474,658735602.0,2.8409
601233.XSHG,2019-03-05,43.0124,20201.0,39.4734,39.5036,12943643.9286,35.2084,39.0197,38.5962,467278339.0,2.0311
601233.XSHG,2019-03-06,43.4358,34059.0,41.1975,41.2278,22206465.0,35.5412,39.6246,39.2616,830513610.0,3.4846
601233.XSHG,2019-03-07,45.3112,32661.0,41.379,41.9839,21311381.4286,37.0838,40.8345,40.4111,811779619.0,3.3441
601233.XSHG,2019-03-08,45.5229,34995.0,38.3542,41.0463,27105795.0,37.235,40.5623,38.324,1000172036.0,4.2534
601233.XSHG,2019-03-11,42.1957,22774.0,40.3808,40.3808,16674226.7857,34.5127,38.4147,38.4147,608730865.0,2.6165
601233.XSHG,2019-03-12,44.434,24789.0,40.2296,40.9555,18843238.2143,36.3579,40.8043,39.6851,704948033.0,2.9569
601233.XSHG,2019-03-13,44.2525,20491.0,39.5944,40.4413,11581308.9286,36.2066,40.4413,39.2011,424283616.0,1.8173
601233.XSHG,2019-03-14,43.5568,32970.0,37.5073,38.8382,22190693.5714,35.6319,37.5678,36.8116,770587816.0,3.4821
601233.XSHG,2019-03-15,41.258,23829.0,38.1122,38.7172,16046225.0,33.7565,37.5073,37.235,564752994.0,2.5179
601233.XSHG,2019-03-18,41.9235,27613.0,41.9235,41.9235,25693349.6429,34.301,38.6264,38.6264,969804534.0,4.0318
601233.XSHG,2019-03-19,46.1279,51640.0,43.1334,44.2828,40988642.8571,37.719,43.1031,42.6796,1648517264.0,6.4319
601233.XSHG,2019-03-20,47.4588,34133.0,42.5889,44.0408,22440348.5714,38.8079,43.4056,41.742,886553794.0,3.5213
601233.XSHG,2019-03-21,46.8538,26268.0,42.5889,43.1636,14723850.7143,38.324,42.6494,41.9839,580659038.0,2.3104
601233.XSHG,2019-03-22,46.8538,37876.0,44.4643,44.4643,21988844.2857,38.324,42.2259,41.6815,880374147.0,3.4505
601233.XSHG,2019-03-25,48.9107,42879.0,45.039,47.6403,27916760.7143,40.0178,43.4056,43.2241,1184557278.0,4.3807
601233.XSHG,2019-03-26,49.5459,27550.0,43.6173,45.7649,16256380.3571,40.5321,45.0692,43.2241,669997902.0,2.5509
601233.XSHG,2019-03-27,47.973,26341.0,44.676,45.2205,15621237.1429,39.2616,44.313,43.8593,643733491.0,2.4513
601233.XSHG,2019-03-28,49.1527,25081.0,43.5568,44.5248,11051755.0,40.1993,44.5248,43.1939,447096768.0,1.7342
601233.XSHG,2019-03-29,47.9125,28094.0,45.7649,45.7649,18433751.7857,39.2011,43.2544,42.1654,749173593.0,2.8926
601233.XSHG,2019-04-01,50.3323,37265.0,48.0033,49.1224,27632890.0,41.1975,45.9767,45.9767,1230324093.0,4.3361
601233.XSHG,2019-04-02,52.8127,32565.0,47.7008,49.7274,17062396.4286,43.1939,48.457,47.3983,765909876.0,2.6774
601233.XSHG,2019-04-03,52.4799,25200.0,48.5477,49.0619,13711375.0,42.9216,47.489,46.9446,613598251.0,2.1516
601233.XSHG,2019-04-04,53.4176,34053.0,51.875,51.875,24621543.9286,43.7081,48.7595,48.7595,1152474737.0,3.8636
601233.XSHG,2019-04-08,57.0776,48021.0,54.5065,57.0171,34709060.0,46.7026,55.9584,52.9336,1771630354.0,5.4465
601233.XSHG,2019-04-09,59.9511,24292.0,52.2682,54.3855,14687900.0,49.0619,54.3855,51.3305,713840199.0,2.3048
601233.XSHG,2019-04-10,57.5011,27928.0,52.7824,53.9923,13993806.0714,47.0353,51.2398,50.8466,672455473.0,2.1959
601233.XSHG,2019-04-11,58.0758,24100.0,51.1188,52.4194,15538290.0,47.5193,51.4515,49.5761,732485862.0,2.4382
601233.XSHG,2019-04-12,56.2307,14025.0,51.028,51.2398,7265682.5,46.0069,50.4533,49.6971,339850931.0,1.1401
601233.XSHG,2019-04-15,56.1399,22733.0,50.0601,53.0849,10979955.3571,45.9162,52.0262,49.9391,524469217.0,1.723
601233.XSHG,2019-04-16,55.0812,25643.0,50.907,51.028,13592171.7857,45.0692,49.5761,48.0638,622639502.0,2.1329
601233.XSHG,2019-04-17,55.9887,20092.0,50.9675,52.0867,10309153.9286,45.8254,50.6651,50.2113,488752225.0,1.6177
601233.XSHG,2019-04-18,56.0794,15319.0,51.7237,52.0565,9722005.3571,45.8859,50.6651,49.6971,460102520.0,1.5256
601233.XSHG,2019-04-19,56.8961,12662.0,52.3287,52.3287,8570801.0714,46.5514,51.6935,50.8163,407797522.0,1.3449
601233.XSHG,2019-04-22,57.5616,14022.0,50.9373,52.1775,8977121.0714,47.0958,52.0867,50.8466,426116900.0,1.4087
601233.XSHG,2019-04-23,56.0189,10784.0,50.9675,51.5725,6471417.5,45.8557,51.2398,50.3928,305070026.0,1.0155
601233.XSHG,2019-04-24,56.0794,10339.0,50.3021,51.3608,5929527.1429,45.8859,50.9675,49.8484,276909798.0,0.9305
601233.XSHG,2019-04-25,55.3232,16427.0,48.1242,50.2113,12135654.2857,45.281,50.2113,47.9428,545633421.0,1.9043
601233.XSHG,2019-04-26,52.9336,11043.0,47.7613,49.1224,6579617.8571,43.3148,47.9428,47.6403,293506771.0,1.0325
601233.XSHG,2019-04-29,52.5404,12390.0,46.7631,48.336,6402927.8571,42.9821,47.8823,46.1279,279008350.0,1.0047
601233.XSHG,2019-04-30,51.4274,12828.0,49.9641,49.9641,7304621.7857,42.0991,47.3729,47.129,326038003.0,1.1462
601233.XSHG,2019-05-06,54.9636,15725.0,44.9646,46.9461,15506004.6429,44.9646,45.9706,44.9646,644270197.0,2.4332
601233.XSHG,2019-05-07,49.4763,13854.0,43.7148,45.5438,10605697.1429,40.4834,44.8122,42.7088,428222183.0,1.6642
601233.XSHG,2019-05-08,48.0741,12324.0,42.221,43.4404,8407522.8571,39.3555,42.9222,41.398,328353488.0,1.3193
601233.XSHG,2019-05-09,46.4584,11940.0,41.7942,42.4344,6958392.1429,38.0142,42.0686,41.1541,266081972.0,1.0919
601233.XSHG,2019-05-10,45.9706,13375.0,42.7698,43.0136,8189363.5714,37.6179,42.3735,39.8737,317957462.0,1.2851
601233.XSHG,2019-05-13,47.0376,16135.0,40.392,41.8857,10520539.6429,38.5019,41.8857,39.9347,394721008.0,1.6509
601233.XSHG,2019-05-14,44.4464,20279.0,40.8797,41.1846,10351824.6429,36.368,39.5994,39.0811,383798150.0,1.6244
601233.XSHG,2019-05-15,44.9646,18768.0,42.0686,42.2515,7746454.2857,36.7948,40.8797,40.7273,295370230.0,1.2156
601233.XSHG,2019-05-16,46.2755,16364.0,42.4954,42.7393,7356820.0,37.8617,42.0686,41.4284,285911446.0,1.1544
601233.XSHG,2019-05-17,46.7327,14453.0,42.9831,43.0136,8540965.3571,38.258,42.4344,41.7638,333476240.0,1.3402
601233.XSHG,2019-05-20,47.2815,13838.0,41.0931,42.9831,7355324.6429,38.6848,42.9831,40.4224,278120085.0,1.1542
601233.XSHG,2019-05-21,45.2085,12482.0,42.3125,42.4039,5884236.7857,36.9777,41.398,40.6358,224795565.0,0.9233
601233.XSHG,2019-05-22,46.5498,7821.0,42.0686,42.343,4373083.5714,38.0751,42.221,41.5199,168450155.0,0.6862
601233.XSHG,2019-05-23,46.2755,8362.0,41.1541,41.6113,4630104.2857,37.8617,41.4589,40.6054,174897618.0,0.7265
601233.XSHG,2019-05-24,45.2695,9565.0,41.4589,41.9162,4769566.7857,37.0387,40.6663,40.5749,181506934.0,0.7484
601233.XSHG,2019-05-27,45.6048,11068.0,42.3735,42.5868,6823223.5714,37.313,41.7638,41.1541,262650118.0,1.0707
601233.XSHG,2019-05-28,46.6108,9795.0,42.221,42.8002,5877581.0714,38.1361,42.3125,42.0991,229191311.0,0.9223
601233.XSHG,2019-05-29,46.4584,13041.0,41.5199,41.8857,6837453.2143,38.0142,41.8552,40.8187,260133369.0,1.0729
601233.XSHG,2019-05-30,45.6658,15412.0,40.7273,41.3065,7379634.2857,37.374,41.1541,40.0871,274495124.0,1.158
601233.XSHG,2019-05-31,44.8122,22996.0,40.6663,41.0626,10320657.1429,36.6424,40.5444,39.0202,378251435.0,1.6195
601233.XSHG,2019-06-03,44.7208,21288.0,38.2885,40.4834,8704002.1429,36.6119,39.9957,38.0142,311888441.0,1.3658
601233.XSHG,2019-06-04,42.1296,21943.0,38.2885,38.2885,9637432.1429,34.4475,38.2276,36.6119,331860014.0,1.5123
601233.XSHG,2019-06-05,42.1296,19568.0,37.4959,38.4714,7880042.5,34.4475,38.2885,36.9167,270623680.0,1.2365
601233.XSHG,2019-06-06,41.2455,19189.0,37.435,37.4655,9890341.0714,33.7463,37.1911,35.6059,332718956.0,1.552
601233.XSHG,2019-06-10,41.1846,15690.0,37.6484,38.1056,7928145.3571,33.6854,37.0387,36.6729,271278962.0,1.2184
601233.XSHG,2019-06-11,41.4284,17327.0,39.6298,39.8128,9704777.5,33.8988,37.3435,37.2825,345455954.0,1.4915
601233.XSHG,2019-06-12,43.5928,16976.0,39.9652,40.6054,9224650.7143,35.6669,39.6603,39.0202,338140692.0,1.4177
601233.XSHG,2019-06-13,43.9586,9301.0,40.3615,40.7883,6242164.6429,35.9717,39.6298,39.4165,229565890.0,0.9593
601233.XSHG,2019-06-14,44.3854,11615.0,39.5994,41.1541,5625529.2857,36.3375,40.3615,39.5689,208653969.0,0.8645
601233.XSHG,2019-06-17,43.5624,10521.0,40.1176,40.3615,4006370.3571,35.6364,39.6298,39.3555,147121576.0,0.6157
601233.XSHG,2019-06-18,44.1416,9445.0,40.7273,40.7883,4143902.5,36.0936,40.2395,39.8737,153911207.0,0.6368
601233.XSHG,2019-06-19,44.8122,17873.0,41.9162,43.4404,8412862.5,36.6424,42.7088,41.7333,326675598.0,1.2929
601233.XSHG,2019-06-20,46.123,22438.0,44.4159,44.5074,9442889.6429,37.7398,42.2515,41.9772,376277141.0,1.4512
601233.XSHG,2019-06-21,48.8667,18855.0,43.9282,45.6353,8868873.2143,39.9652,44.6293,43.7757,364850463.0,1.363
601233.XSHG,2019-06-24,48.3179,13677.0,43.5319,44.5683,4988334.2857,39.5384,44.0501,43.4099,200709319.0,0.7666
601233.XSHG,2019-06-25,47.8911,16792.0,43.4709,44.0806,5522961.4286,39.1726,43.6538,42.343,219207004.0,0.8488
601233.XSHG,2019-06-26,47.8302,10432.0,44.0501,44.172,3697721.0714,39.1116,43.227,43.0136,148306978.0,0.5683
601233.XSHG,2019-06-27,48.4704,22296.0,45.9097,46.8852,11053566.7857,39.6603,44.9646,44.3549,462625230.0,1.6987
601233.XSHG,2019-06-28,50.5128,15835.0,47.2815,47.2815,7837123.9286,41.3065,45.7267,44.1111,326006220.0,1.2044
601233.XSHG,2019-07-01,52.0066,20770.0,48.0131,48.2265,13699128.2143,42.5564,47.4339,46.9461,600414700.0,2.1053
601233.XSHG,2019-07-02,52.8296,19799.0,47.3729,47.7692,12333051.4286,43.227,47.251,46.123,532146244.0,1.8924
601233.XSHG,2019-07-03,52.098,18888.0,44.233,45.9706,10424492.8571,42.6478,45.9706,44.233,431510237.0,1.5995
601233.XSHG,2019-07-04,48.6533,21189.0,43.3794,44.9342,6969357.5,39.8128,44.5074,43.0136,279336498.0,1.0694
601233.XSHG,2019-07-05,47.7082,22453.0,43.0136,43.0746,10931177.8571,39.0506,42.8002,41.337,423309103.0,1.6773
601233.XSHG,2019-07-08,47.3119,11597.0,41.4589,42.5868,4601548.9286,38.7153,42.4344,41.4589,176726304.0,0.7061
601233.XSHG,2019-07-09,45.6048,7965.0,41.276,41.8857,4016680.0,37.313,41.4284,40.9102,152583508.0,0.6163
601233.XSHG,2019-07-10,45.3914,6356.0,41.7028,41.9162,3009107.1429,37.1606,41.4589,41.2455,114952758.0,0.4617
601233.XSHG,2019-07-11,45.8792,8059.0,42.3125,42.8307,4215790.3571,37.5264,42.1905,41.7638,163871691.0,0.6469
601233.XSHG,2019-07-12,46.5498,6092.0,41.9467,42.3735,2578309.6429,38.0751,42.0686,41.6723,99478552.0,0.3956
601233.XSHG,2019-07-15,46.1535,6826.0,41.8552,42.2515,2677253.5714,37.7398,41.9162,40.8492,102239027.0,0.4108
601233.XSHG,2019-07-16,46.0316,5723.0,42.5259,42.5564,2519994.6429,37.6788,41.7333,41.4894,97466183.0,0.3867
601233.XSHG,2019-07-17,46.7937,6891.0,42.221,42.8002,3031992.1429,38.2885,42.343,42.0686,118054963.0,0.4652
601233.XSHG,2019-07-18,46.4584,8006.0,40.7883,41.7638,3190395.3571,38.0142,41.7638,40.7883,120605648.0,0.4895
601233.XSHG,2019-07-19,44.8732,7333.0,40.6358,41.5809,2569769.6429,36.7033,40.8492,40.5749,97087620.0,0.3943
601233.XSHG,2019-07-22,44.6903,15426.0,39.0202,41.215,7278685.0,36.5814,41.0931,38.319,263051856.0,1.1168
601233.XSHG,2019-07-23,42.9222,14576.0,38.9592,39.1116,5704857.1429,35.1181,38.6543,37.9227,202146027.0,0.8753
601233.XSHG,2019-07-24,42.8612,12436.0,39.264,39.7823,4670000.0,35.0572,39.2945,38.8677,168466736.0,0.7166
601233.XSHG,2019-07-25,43.1965,11399.0,38.7153,39.4165,4357615.7143,35.3315,39.2945,38.4714,155061391.0,0.6686
601233.XSHG,2019-07-26,42.5868,9429.0,38.9897,39.1726,3346829.6429,34.8438,38.6848,38.3495,119375512.0,0.5135
601233.XSHG,2019-07-29,42.8917,8635.0,39.0811,39.4469,3306354.2857,35.0877,39.325,38.8068,118799083.0,0.5073
601233.XSHG,2019-07-30,42.9831,22472.0,40.8492,41.6418,9691680.0,35.1791,39.5079,39.2336,362309658.0,1.4871
601233.XSHG,2019-07-31,44.9342,11891.0,40.8797,41.0017,3659945.0,36.7643,40.6054,40.331,136947824.0,0.5616
601233.XSHG,2019-08-01,44.9646,13495.0,40.2395,40.6663,3911336.7857,36.7948,40.392,39.9957,144694145.0,0.6001
601233.XSHG,2019-08-02,44.2635,17522.0,38.5934,38.8373,6128402.8571,36.2156,38.7153,37.7703,216159120.0,0.9403
601233.XSHG,2019-08-05,42.4649,8522.0,38.1361,38.5934,3908537.1429,34.7218,38.319,37.6484,136789445.0,0.5997
601233.XSHG,2019-08-06,41.9467,10572.0,36.8862,37.1606,5835406.4286,34.3255,37.0387,35.9717,196096138.0,0.8954
601233.XSHG,2019-08-07,40.5749,11698.0,37.4959,38.1971,5041877.5,33.1976,37.1911,36.9472,174453323.0,0.7736
601233.XSHG,2019-08-08,41.2455,16200.0,38.9897,39.4165,6227501.0714,33.7463,38.0751,37.8008,221627410.0,0.9555
601233.XSHG,2019-08-09,42.8917,14288.0,38.5934,39.9042,5693282.5,35.0877,39.5994,38.441,204567394.0,0.8736
601233.XSHG,2019-08-12,42.4649,21810.0,39.1726,40.8187,9954893.5714,34.7218,40.2091,38.319,357353387.0,1.5275
601233.XSHG,2019-08-13,43.1051,20632.0,38.319,39.1116,6922635.7143,35.2706,38.9287,37.7398,244284075.0,1.0622
601233.XSHG,2019-08-14,42.1601,15976.0,39.1726,39.5994,6259945.0,34.478,39.4165,38.9287,225550699.0,0.9605
601233.XSHG,2019-08-15,43.1051,14302.0,39.8432,39.8737,5655237.1429,35.2706,38.1056,37.8008,203423597.0,0.8677
601233.XSHG,2019-08-16,43.8367,38936.0,37.8313,39.325,21053856.7857,35.8498,39.0202,37.3435,732082640.0,3.2305
601233.XSHG,2019-08-19,41.6113,29279.0,39.6908,39.9347,16342871.4286,34.0512,37.9532,37.7398,584839626.0,2.5076
601233.XSHG,2019-08-20,43.6538,23295.0,38.7458,40.0566,10367954.2857,35.7278,39.9347,38.7153,372697919.0,1.5908
601233.XSHG,2019-08-21,42.6173,23972.0,37.8008,38.7153,12796255.0,34.8743,38.7153,37.4959,446005868.0,1.9634
601233.XSHG,2019-08-22,41.5809,13105.0,37.9227,38.0142,6888699.2857,34.0207,37.8617,37.4655,238611049.0,1.057
601233.XSHG,2019-08-23,41.7028,17345.0,37.4959,37.9532,10630783.2143,34.1426,37.7703,36.8253,363409781.0,1.6312
601233.XSHG,2019-08-26,41.2455,10375.0,36.7643,36.9777,6033640.0,33.7463,36.5814,36.4595,203660663.0,0.9258
601233.XSHG,2019-08-27,40.4529,15090.0,37.5874,37.9532,9521942.8571,33.0757,36.9472,36.9472,328256909.0,1.461
601233.XSHG,2019-08-28,41.337,11639.0,37.0082,37.5264,7008433.2143,33.8378,37.313,36.7948,238483063.0,1.0754
601233.XSHG,2019-08-29,40.6968,8474.0,37.2521,37.435,5517055.0,33.3196,37.1911,36.8253,188360078.0,0.8465
601233.XSHG,2019-08-30,40.9712,14351.0,36.4595,37.6179,8658896.4286,33.533,37.4045,36.3985,293190286.0,1.3286
601233.XSHG,2019-09-02,40.1176,10573.0,36.9777,37.0692,5949541.7857,32.8013,36.4595,36.3375,200941644.0,0.9129
601233.XSHG,2019-09-03,40.6663,11818.0,36.7948,36.9777,5989469.6429,33.2891,36.8862,36.5204,202002103.0,0.919
601233.XSHG,2019-09-04,40.4834,30309.0,38.7458,38.8068,19158967.5,33.1062,36.8862,36.7033,667854868.0,2.9397
601233.XSHG,2019-09-05,42.6173,41078.0,39.1116,40.1786,18541844.6429,34.8743,39.0202,38.6848,671181491.0,2.845
601233.XSHG,2019-09-06,43.0136,14294.0,39.386,39.4469,7448782.1429,35.2096,39.0202,38.7763,267607875.0,1.1429
601233.XSHG,2019-09-09,43.3185,46453.0,41.337,41.5199,17489389.2857,35.4535,39.9347,39.9347,655531265.0,2.6835
601233.XSHG,2019-09-10,45.4829,28218.0,42.1601,42.4344,14164986.0714,37.1911,41.4894,41.276,546799921.0,2.1735
601233.XSHG,2019-09-11,46.3669,23777.0,41.6113,42.4649,9262050.0,37.9532,41.9162,41.3675,355907417.0,1.4212
601233.XSHG,2019-09-12,45.7877,17688.0,41.8857,42.221,5334667.5,37.4655,41.7028,41.398,204959669.0,0.8185
601233.XSHG,2019-09-16,46.0621,37493.0,41.8857,44.0501,16805241.0714,37.7093,43.288,41.4894,659746390.0,2.5786
601233.XSHG,2019-09-17,46.0621,25632.0,40.8492,42.8917,10770918.5714,37.7093,42.4344,40.6663,410599414.0,1.6527
601233.XSHG,2019-09-18,44.9342,19178.0,40.5444,41.4284,5579137.8571,36.7643,40.4529,40.27,208889355.0,0.8561
601233.XSHG,2019-09-19,44.5988,15673.0,40.5139,41.0931,5827026.0714,36.4899,41.0321,40.0261,216245492.0,0.8941
601233.XSHG,2019-09-20,44.5683,23450.0,39.9652,40.8187,8606070.7143,36.4595,40.7273,39.4469,314955587.0,1.3205
601233.XSHG,2019-09-23,43.9586,14427.0,39.386,39.7823,5874435.3571,35.9717,39.7213,38.8982,211881091.0,0.9014
601233.XSHG,2019-09-24,43.3185,14663.0,39.1116,39.5079,5693314.2857,35.4535,39.4165,38.8373,204816611.0,0.8736
601233.XSHG,2019-09-25,43.0136,12472.0,38.8068,38.9592,5238568.9286,35.2096,38.8373,38.2276,185887831.0,0.8038
601233.XSHG,2019-09-26,42.6783,12463.0,38.2885,39.1116,5065229.2857,34.9352,38.6543,38.0447,178848675.0,0.7772
601233.XSHG,2019-09-27,42.1296,10211.0,38.2885,39.0506,5168005.7143,34.4475,38.1056,38.0447,182840771.0,0.793
601233.XSHG,2019-09-30,42.1296,12847.0,38.7153,39.5689,5391781.0714,34.4475,38.1971,38.1666,192742357.0,0.8273
601233.XSHG,2019-10-08,42.5868,10752.0,39.2031,39.4469,5173792.5,34.8438,38.5629,38.319,185503908.0,0.7939
601233.XSHG,2019-10-09,43.1356,7155.0,39.7823,39.7823,3662501.4286,35.2706,38.8677,38.7763,132310145.0,0.5549
601233.XSHG,2019-10-10,43.7757,7452.0,39.5079,39.9042,4251560.0,35.8193,39.7213,39.2336,154368052.0,0.6442
601233.XSHG,2019-10-11,43.4709,17423.0,40.27,40.6663,6350234.2857,35.5449,39.5079,39.3555,233253371.0,0.9622
601233.XSHG,2019-10-14,44.294,10509.0,40.392,40.8797,5993699.2857,36.2461,40.8187,40.2091,223023677.0,0.9082
601233.XSHG,2019-10-15,44.4464,21394.0,39.2945,40.1786,5939497.8571,36.368,40.1786,39.2031,215533235.0,0.9
601233.XSHG,2019-10-16,43.227,32165.0,39.3555,39.7823,5162153.2143,35.362,39.4165,38.9287,186313356.0,0.7822
601233.XSHG,2019-10-17,43.288,19407.0,38.5019,39.4165,5502346.0714,35.423,39.264,38.1971,195484165.0,0.8337
601233.XSHG,2019-10-18,42.343,10494.0,38.1666,38.7763,3853220.0,34.6609,38.7763,38.0447,135524197.0,0.5838
601233.XSHG,2019-10-21,41.9772,8831.0,38.3495,38.3495,3812302.5,34.356,38.0751,37.374,132454456.0,0.5776
601233.XSHG,2019-10-22,42.1905,8169.0,38.6543,38.8677,3169652.5,34.5085,38.258,38.1056,112227875.0,0.4803
601233.XSHG,2019-10-23,42.5259,9030.0,38.4714,38.8373,3054949.6429,34.7828,38.7763,38.1971,108143734.0,0.4629
601233.XSHG,2019-10-24,42.3125,8190.0,38.5629,38.7458,3782744.2857,34.6304,38.5019,37.9227,133332592.0,0.5732
601233.XSHG,2019-10-25,42.4344,6829.0,38.9897,39.0202,3698878.2143,34.7218,38.6543,38.3495,131598807.0,0.5605
601233.XSHG,2019-10-28,42.8917,10944.0,39.4774,39.7518,5195472.1429,35.0877,39.1421,38.8677,188195913.0,0.7872
601233.XSHG,2019-10-29,43.4404,13755.0,39.4774,39.9957,5417818.9286,35.5449,39.6908,39.4469,197498748.0,0.8209
601233.XSHG,2019-10-30,43.4404,13578.0,40.0871,40.331,6054677.1429,35.5449,39.2336,39.0506,221295478.0,0.9174
601233.XSHG,2019-10-31,44.1111,20031.0,40.331,40.9712,7103590.3571,36.0936,40.0871,39.4774,263485707.0,1.0763
601233.XSHG,2019-11-01,44.3549,15298.0,40.9407,41.2455,6170174.2857,36.307,40.3005,39.9957,231079270.0,0.9349
601233.XSHG,2019-11-04,45.0256,22765.0,41.9772,42.4649,10380071.7857,36.8558,41.5504,40.9407,398809726.0,1.5728
601233.XSHG,2019-11-05,46.184,24324.0,42.2515,42.6173,7973762.8571,37.7703,41.8552,41.337,308399821.0,1.2082
601233.XSHG,2019-11-06,46.4889,22924.0,41.0321,42.343,8680300.7143,38.0142,42.2515,40.7273,329338273.0,1.3152
601233.XSHG,2019-11-07,45.1475,14460.0,41.276,41.5504,6183807.5,36.9167,41.2455,40.6968,233523458.0,0.937
601233.XSHG,2019-11-08,45.3914,17198.0,40.7578,41.9772,5923019.6429,37.1606,41.6418,40.6968,225009329.0,0.8975
601233.XSHG,2019-11-11,44.8427,14149.0,40.1786,41.0931,5563117.5,36.6729,40.6054,39.9347,206693035.0,0.8429
601233.XSHG,2019-11-12,44.2025,9420.0,40.2395,40.392,4348377.5,36.1546,40.2091,39.7518,160140050.0,0.6589
601233.XSHG,2019-11-13,44.2635,11307.0,39.4165,40.3005,5440072.1429,36.2156,40.3005,39.0811,197464175.0,0.8243
601233.XSHG,2019-11-14,43.349,12761.0,39.7213,39.8128,4529780.3571,35.484,39.5079,39.0811,164160970.0,0.6864
601233.XSHG,2019-11-15,43.6843,13442.0,38.6543,39.5689,6161108.2143,35.7583,39.5689,38.5934,220961830.0,0.9335
601233.XSHG,2019-11-18,42.5259,11598.0,38.8982,38.9897,4347368.5714,34.7828,38.8677,38.1971,154688769.0,0.6587
601233.XSHG,2019-11-19,42.8002,14657.0,40.331,40.4529,6382632.5,34.9962,38.9287,38.8677,234159579.0,0.9671
601233.XSHG,2019-11-20,44.3549,11189.0,39.9042,40.7273,5564192.1429,36.307,40.6968,39.7213,205075672.0,0.8431
601233.XSHG,2019-11-21,43.8977,9784.0,39.4774,39.8432,3099896.7857,35.9107,39.7518,39.325,112489834.0,0.4697
601233.XSHG,2019-11-22,43.4404,9926.0,39.5689,40.2091,4612943.9286,35.5449,39.4774,39.264,168235548.0,0.699
601233.XSHG,2019-11-25,43.5319,15377.0,39.7823,40.3005,7458107.5,35.6059,39.5689,38.9897,271548049.0,1.1301
601233.XSHG,2019-11-26,43.7757,20246.0,39.5994,40.6358,9967627.8571,35.8193,39.6298,39.3555,365816684.0,1.5103
601233.XSHG,2019-11-27,43.5624,17351.0,39.8737,40.4529,6484352.1429,35.6364,39.7823,39.5689,238225126.0,0.9825
601233.XSHG,2019-11-28,43.8672,11211.0,39.6908,40.3615,4289620.7143,35.8803,39.9957,39.5384,157501900.0,0.65
601233.XSHG,2019-11-29,43.6538,27991.0,39.0202,39.6908,12206373.2143,35.7278,39.6908,38.1361,432655552.0,1.8495
601233.XSHG,2019-12-02,42.9222,20948.0,38.4105,38.8373,6311273.9286,35.1181,38.7763,38.1361,222935240.0,0.9563
601233.XSHG,2019-12-03,42.2515,13950.0,39.0202,39.0202,4934001.0714,34.5694,38.4105,38.1361,174869337.0,0.7476
601233.XSHG,2019-12-04,42.9222,18754.0,38.9897,39.1726,4103868.5714,35.1181,38.6239,38.441,146821432.0,0.6218
601233.XSHG,2019-12-05,42.8917,15821.0,38.8982,39.4469,6108153.2143,35.0877,39.2945,38.4105,217709127.0,0.9255
601233.XSHG,2019-12-06,42.8002,11704.0,38.8068,39.0506,3907878.2143,34.9962,38.9897,38.5629,139168604.0,0.5921
601233.XSHG,2019-12-09,42.6783,23123.0,40.0566,40.4224,11076881.4286,34.9352,38.8677,38.8677,404948722.0,1.6784
601233.XSHG,2019-12-10,44.0501,15725.0,40.2395,40.392,7237477.5,36.0632,39.9347,39.7213,266557572.0,1.0966
601233.XSHG,2019-12-11,44.2635,22621.0,40.331,41.1541,9860185.3571,36.2156,40.4834,40.0871,367425649.0,1.494
601233.XSHG,2019-12-12,44.3549,25071.0,41.215,41.398,10268062.5,36.307,40.5444,40.1786,386656546.0,1.5558
601233.XSHG,2019-12-13,45.3305,19871.0,40.9407,41.6723,11386446.0714,37.0996,41.6113,40.9407,432546973.0,1.7253
601233.XSHG,2019-12-16,45.0256,37761.0,42.0076,42.3735,15979994.6429,36.8558,41.2455,40.9407,611515189.0,2.4213
601233.XSHG,2019-12-17,46.2145,26513.0,42.1905,42.4039,9887475.7143,37.8008,41.9467,41.5809,382000874.0,1.4982
601233.XSHG,2019-12-18,46.3974,21756.0,41.7638,42.3735,7754306.0714,37.9837,42.3735,41.4894,297803295.0,1.1749
601233.XSHG,2019-12-19,45.9401,16792.0,41.5809,41.6723,7123109.6429,37.5874,41.6723,41.1236,270839920.0,1.0793
601233.XSHG,2019-12-20,45.7267,18630.0,41.398,42.0686,6049297.8571,37.435,41.6418,41.2455,230686489.0,0.9166
601233.XSHG,2019-12-23,45.5438,17748.0,41.0017,41.8552,7107140.0,37.2521,41.6723,40.9407,270987072.0,1.0769
601233.XSHG,2019-12-24,45.1171,14271.0,41.7028,41.7638,4569844.6429,36.9167,41.0931,40.9407,173743293.0,0.6924
601233.XSHG,2019-12-25,45.8792,12424.0,41.4589,41.7942,3840742.8571,37.5264,41.4589,41.0321,146051812.0,0.582
601233.XSHG,2019-12-26,45.6048,12821.0,42.1601,42.343,6591693.9286,37.313,41.4589,41.276,253709470.0,0.9988
601233.XSHG,2019-12-27,46.3669,24615.0,42.8307,43.7148,11853750.7143,37.9532,42.1905,41.8857,466801428.0,1.7961
601233.XSHG,2019-12-30,47.129,39484.0,45.4829,45.9097,19940686.7857,38.5629,42.8307,42.6783,820176462.0,3.0214
601233.XSHG,2019-12-31,50.0251,36709.0,45.6963,46.4889,16239940.0,40.9407,45.8487,45.1171,681867255.0,2.4607
601233.XSHG,2020-01-02,50.2689,31739.0,45.8792,46.4889,13153135.7143,41.1236,46.1535,45.4524,555507546.0,1.993
601233.XSHG,2020-01-03,50.4823,26177.0,45.8487,46.3669,9376320.0,41.3065,45.9401,45.5134,395251143.0,1.4207
601233.XSHG,2020-01-06,50.4214,33753.0,46.3364,47.4644,14849594.6429,41.276,46.2755,46.0621,639115261.0,2.25
601233.XSHG,2020-01-07,50.9701,26541.0,47.19,47.4949,10047728.5714,41.7028,46.3364,46.0926,433306038.0,1.5224
601233.XSHG,2020-01-08,51.9151,32730.0,44.9951,47.7997,14271301.0714,42.4649,47.5863,44.9342,601084664.0,2.1624
601233.XSHG,2020-01-09,49.5068,23789.0,45.6353,46.5193,8246627.1429,40.4834,45.4829,45.1475,345321970.0,1.2495
601233.XSHG,2020-01-10,50.208,19429.0,45.4524,46.0011,6544925.0,41.0626,45.7267,44.7817,272261556.0,0.9917
601233.XSHG,2020-01-13,49.9946,21612.0,45.5743,45.6658,6469820.7143,40.9102,45.4219,44.6598,268383678.0,0.9803
601233.XSHG,2020-01-14,50.147,13134.0,45.6963,46.184,4721241.0714,41.0321,45.9401,45.4219,198264039.0,0.7154
601233.XSHG,2020-01-15,50.2689,14913.0,44.8732,45.7572,4613420.7143,41.1236,45.6048,44.7208,190968880.0,0.699
601233.XSHG,2020-01-16,49.3544,27741.0,44.3854,46.5193,12444990.3571,40.392,46.0621,44.1416,516225128.0,1.8857
601233.XSHG,2020-01-17,48.8362,46944.0,46.9461,48.7142,25655975.3571,39.9347,44.7817,44.5988,1109470862.0,3.8874
601233.XSHG,2020-01-20,51.6407,40974.0,46.7937,48.0436,14845016.0714,42.2515,48.0131,46.1535,638328971.0,2.2493
601233.XSHG,2020-01-21,51.4883,26820.0,46.0011,46.6718,10367423.5714,42.1296,46.5193,45.1475,436681252.0,1.5709
601233.XSHG,2020-01-22,50.6043,20295.0,45.7572,45.9097,7692336.7857,41.398,45.7267,44.8732,321241806.0,1.1656
601233.XSHG,2020-01-23,50.3299,30220.0,43.1661,45.4219,14171502.8571,41.1846,45.4219,42.7698,569764759.0,2.1473
601233.XSHG,2020-02-03,47.4949,3143.0,38.8373,38.8373,2861000.0,38.8373,38.8373,38.8373,102057592.0,0.4335
601233.XSHG,2020-02-04,42.7088,29728.0,38.441,39.3555,14490499.6429,34.9657,37.3435,37.3435,510099477.0,2.1956
601233.XSHG,2020-02-05,42.282,29906.0,40.5444,41.2455,15218812.1429,34.5999,38.6543,38.441,558820699.0,2.306
601233.XSHG,2020-02-06,44.5988,24411.0,41.1236,41.4894,10390631.0714,36.4899,40.5749,40.0566,391043703.0,1.5744
601233.XSHG,2020-02-07,45.239,20144.0,41.7638,41.8247,9412453.9286,37.0082,40.7883,40.4224,356017609.0,1.4262
601233.XSHG,2020-02-10,45.9401,26038.0,43.0136,43.1356,11625215.0,37.5874,43.0746,41.8857,454258368.0,1.7615
601233.XSHG,2020-02-11,47.3119,20426.0,42.1905,43.0136,7188272.8571,38.7153,43.0136,42.0686,279519576.0,1.0892
601233.XSHG,2020-02-12,46.3974,20956.0,42.6783,42.8307,7606726.4286,37.9837,42.4039,41.6113,295550051.0,1.1526
601233.XSHG,2020-02-13,46.9461,13962.0,42.0686,42.9222,6055905.0,38.4105,42.6173,41.9162,235346273.0,0.9176
601233.XSHG,2020-02-14,46.2755,11937.0,42.1296,42.282,5600530.7143,37.8617,41.4894,41.4894,215736681.0,0.8486
601233.XSHG,2020-02-17,46.3364,19750.0,42.9527,43.1051,9352361.4286,37.9227,42.1905,41.9162,367195794.0,1.4171
601233.XSHG,2020-02-18,47.251,20877.0,42.5564,43.1356,8747839.2857,38.6543,42.9222,42.1905,342007199.0,1.3255
601233.XSHG,2020-02-19,46.8242,17167.0,41.9772,42.7698,8195703.9286,38.2885,42.3735,41.7942,317826918.0,1.2418
601233.XSHG,2020-02-20,46.184,23459.0,42.9831,42.9831,11912435.0,37.7703,42.0381,41.4589,463213262.0,1.805
601233.XSHG,2020-02-21,47.2815,22855.0,42.8612,43.5624,11381871.4286,38.6848,43.288,42.5868,448486787.0,1.7246
601233.XSHG,2020-02-24,47.1595,20695.0,42.5564,42.7698,11381455.3571,38.5629,42.7088,41.8857,442821215.0,1.7245
601233.XSHG,2020-02-25,46.8242,25086.0,42.8917,42.8917,13077648.9286,38.2885,41.8552,41.6418,507797934.0,1.9815
601233.XSHG,2020-02-26,47.19,41486.0,44.8122,44.9342,20100785.0,38.5934,42.8307,42.5564,817518308.0,3.0457
601233.XSHG,2020-02-27,49.2934,52857.0,43.5319,45.9097,22115907.1429,40.331,45.6658,43.4099,894309535.0,3.351
601233.XSHG,2020-02-28,47.8911,42541.0,41.8247,42.8917,19197513.5714,39.1726,42.2515,41.6418,744432034.0,2.9088
601233.XSHG,2020-03-02,46.0011,31501.0,42.4344,42.8307,16963530.0,37.6484,41.3065,41.3065,659076247.0,2.5703
601233.XSHG,2020-03-03,46.6718,26466.0,42.1601,43.1051,12918208.9286,38.1971,42.9527,41.9467,502438679.0,1.9574
601233.XSHG,2020-03-04,46.3669,17268.0,42.1296,42.5259,9292411.0714,37.9532,41.8247,41.4894,358080329.0,1.408
601233.XSHG,2020-03-05,46.3364,32200.0,43.7453,43.8367,18837997.1429,37.9227,42.3735,41.8247,741632855.0,2.8543
601233.XSHG,2020-03-06,48.135,32797.0,43.7757,44.5988,18434552.1429,39.386,43.1661,42.9831,742968190.0,2.7932
601233.XSHG,2020-03-09,48.1655,45815.0,41.8552,43.227,26791086.0714,39.386,42.6783,40.9407,1029765023.0,4.0594
601233.XSHG,2020-03-10,46.0316,32998.0,43.6843,44.0806,20708431.7857,37.6788,41.1541,41.0321,806238635.0,3.1378
601233.XSHG,2020-03-11,48.0436,27372.0,42.3125,43.6843,11277571.0714,39.325,43.6538,42.221,445998236.0,1.7088
601233.XSHG,2020-03-12,46.5498,28098.0,41.9467,42.4039,10125550.3571,38.0751,41.7942,41.1846,388742744.0,1.5342
601233.XSHG,2020-03-13,46.1535,26428.0,40.2091,41.1541,12951685.7143,37.7398,39.6603,39.6298,478896455.0,1.9624
601233.XSHG,2020-03-16,44.233,24203.0,38.7458,40.4834,11060262.5,36.1851,40.4834,37.8008,398758527.0,1.6759
601233.XSHG,2020-03-17,42.6173,18788.0,38.9897,39.2336,7176146.7857,34.8743,38.8068,37.8922,255189481.0,1.0873
601233.XSHG,2020-03-18,42.8917,17946.0,39.1116,40.2395,9399529.2857,35.0877,39.4165,39.0202,342023412.0,1.4242
601233.XSHG,2020-03-19,43.0136,22253.0,38.6848,39.5079,11747821.4286,35.2096,39.0506,37.5874,415772772.0,1.78
601233.XSHG,2020-03-20,42.5564,17954.0,39.0811,39.2336,8257471.7857,34.8133,39.0811,38.0142,291933897.0,1.2512
601233.XSHG,2020-03-23,42.9831,21577.0,37.6788,38.1056,11223838.9286,35.1791,38.0751,36.2156,384896973.0,1.7006
601233.XSHG,2020-03-24,41.4589,15988.0,37.6788,38.0751,7403292.1429,33.8988,37.7703,36.7948,254916439.0,1.1218
601233.XSHG,2020-03-25,41.4589,13448.0,37.9532,38.2885,6513862.1429,33.8988,38.1971,37.8008,227610112.0,0.987
601233.XSHG,2020-03-26,41.7638,12363.0,37.2825,37.7398,6394440.0,34.1731,37.7398,36.7643,218296788.0,0.9689
601233.XSHG,2020-03-27,41.0017,9644.0,36.9777,37.5264,5023435.3571,33.5634,37.4959,36.8253,170985779.0,0.7612
601233.XSHG,2020-03-30,40.6663,17402.0,35.0572,36.5509,8944070.3571,33.2891,36.5509,34.2951,290401678.0,1.3552
601233.XSHG,2020-03-31,38.5629,15175.0,35.7583,36.2156,6658198.5714,31.5515,35.2706,34.9048,216470113.0,1.0089
601233.XSHG,2020-04-01,39.325,11869.0,34.9962,35.6973,4924461.4286,32.1916,35.362,34.9962,159695506.0,0.7462
601233.XSHG,2020-04-02,38.5019,17292.0,35.6059,35.8803,7767796.7857,31.4905,34.5694,34.3865,249776127.0,1.177
601233.XSHG,2020-04-03,39.1726,17047.0,34.7218,35.6669,6338766.7857,32.0392,35.6669,34.6304,203850653.0,0.9605
601233.XSHG,2020-04-07,38.1971,23479.0,36.2766,36.5814,10463364.6429,31.2466,35.423,35.1486,345624939.0,1.5854
601233.XSHG,2020-04-08,39.9042,17509.0,36.2461,36.6729,6683747.8571,32.6489,36.1546,35.7888,221916902.0,1.0127
601233.XSHG,2020-04-09,39.8737,11367.0,36.0936,36.6119,5347341.7857,32.6184,36.4595,35.8803,177560885.0,0.8102
601233.XSHG,2020-04-10,39.6908,9685.0,35.423,36.2156,3922323.2143,32.4965,36.1851,35.3925,128786279.0,0.5943
601233.XSHG,2020-04-13,38.9592,10328.0,35.484,36.1851,4426889.6429,31.8868,35.6669,35.362,145120215.0,0.6708
601233.XSHG,2020-04-14,39.0202,9752.0,35.9412,36.0327,3861120.0,31.9478,35.6973,35.3315,126634662.0,0.585
601233.XSHG,2020-04-15,39.5384,16943.0,36.5204,37.0692,7899455.0,32.3441,35.9717,35.6669,264587652.0,1.1969
601233.XSHG,2020-04-16,40.1786,13200.0,36.7338,36.7948,4875684.6429,32.8623,36.2461,36.0936,163228149.0,0.7388
601233.XSHG,2020-04-17,40.4224,16970.0,36.9167,37.3435,6498102.1429,33.0757,36.7643,36.5204,220331795.0,0.9846
601233.XSHG,2020-04-20,40.6054,16835.0,37.6484,37.7093,7630033.9286,33.2281,36.9472,36.4595,260795655.0,1.1561
601233.XSHG,2020-04-21,41.4284,14934.0,37.1301,37.8008,6243386.7857,33.8988,37.1911,36.5509,213033531.0,0.946
601233.XSHG,2020-04-22,40.8492,15610.0,37.5569,37.9227,5419510.0,33.411,36.9777,36.5814,186526076.0,0.8212
601233.XSHG,2020-04-23,41.3065,13436.0,36.8862,37.7093,4832208.2143,33.8073,37.7093,36.7033,164969248.0,0.7322
601233.XSHG,2020-04-24,40.5749,11856.0,36.2461,37.0082,4832468.9286,33.1976,36.9472,36.0632,161328064.0,0.7322
601233.XSHG,2020-04-27,39.8737,11281.0,35.6669,36.7033,4494832.8571,32.6184,36.2156,35.5449,149215855.0,0.6811
601233.XSHG,2020-04-28,39.2336,17362.0,34.9352,35.8193,5867463.5714,32.1002,35.8193,34.417,188673949.0,0.889
601233.XSHG,2020-04-29,38.441,10551.0,35.1791,35.5449,3908082.8571,31.4295,34.6609,34.6609,126191476.0,0.5922
601233.XSHG,2020-04-30,38.6848,12881.0,35.8193,36.0022,4715604.6429,31.6734,35.3315,35.3315,154546793.0,0.7145
601233.XSHG,2020-05-06,39.4165,13062.0,36.0936,36.0936,5380029.2857,32.2526,35.3925,35.1486,176878374.0,0.8152
601233.XSHG,2020-05-07,39.6908,13338.0,35.7583,36.1851,5402302.5,32.4965,36.1241,35.6059,177941019.0,0.8186
601233.XSHG,2020-05-08,39.325,10304.0,35.9717,36.1546,5641555.0,32.1916,36.0022,35.7583,186258930.0,0.8548
601233.XSHG,2020-05-11,39.5689,14829.0,36.6119,37.1606,7428818.9286,32.3745,35.9717,35.9717,249426650.0,1.1256
601233.XSHG,2020-05-12,40.27,14140.0,36.2766,36.7033,4747969.6429,32.9537,36.6424,35.8803,157885813.0,0.7194
601233.XSHG,2020-05-13,39.9042,10828.0,35.9412,36.2156,4176339.6429,32.6489,36.2156,35.8803,138029099.0,0.6328
601233.XSHG,2020-05-14,39.5384,12884.0,35.1181,35.8803,6121383.5714,32.3441,35.8498,34.9048,198341839.0,0.9275
601233.XSHG,2020-05-15,38.6239,9234.0,35.2401,35.8193,3681355.3571,31.6124,35.3925,35.0877,119687804.0,0.5578
601233.XSHG,2020-05-18,38.7763,10578.0,35.1181,35.7583,3462413.2143,31.7039,35.484,35.0572,112368931.0,0.5246
601233.XSHG,2020-05-19,38.6239,12361.0,35.6364,36.0327,5079953.9286,31.6124,35.5449,35.4535,166485139.0,0.7697
601233.XSHG,2020-05-20,39.2031,8644.0,35.3011,35.7278,3771765.7143,32.0697,35.6059,35.2096,122624013.0,0.5715
601233.XSHG,2020-05-21,38.8373,11793.0,35.4535,36.0327,5728218.5714,31.7648,35.6669,35.3011,187461006.0,0.8679
601233.XSHG,2020-05-22,38.9897,9451.0,35.0572,35.4535,4479956.7857,31.9173,35.362,34.8438,144602385.0,0.6788
601233.XSHG,2020-05-25,38.5629,9151.0,35.0267,35.3315,3106438.5714,31.5515,35.0877,34.8133,100070805.0,0.4707
601233.XSHG,2020-05-26,38.5324,10472.0,35.484,35.5449,2943067.8571,31.521,35.1181,35.1181,95687978.0,0.4459
601233.XSHG,2020-05-27,39.0202,19750.0,36.429,36.7948,10228923.2143,31.9478,35.5144,35.423,341656845.0,1.5499
601233.XSHG,2020-05-28,40.0871,33377.0,37.8313,38.5324,14317378.9286,32.8013,36.7948,36.7643,497810085.0,2.1694
601233.XSHG,2020-05-29,41.6113,25321.0,37.313,38.2885,8993538.5714,34.0512,37.6788,37.1911,310780318.0,1.3627
601233.XSHG,2020-06-01,41.0321,20539.0,38.1971,38.4105,8338310.7143,33.5939,37.7398,37.6484,290865627.0,1.2634
601233.XSHG,2020-06-02,42.0076,31675.0,39.1116,39.5994,11684342.5,34.3865,38.319,37.8617,418457092.0,1.7704
601233.XSHG,2020-06-03,43.0136,30441.0,39.1421,40.0261,13028693.5714,35.2096,39.1116,39.0202,474521546.0,1.9741
601233.XSHG,2020-06-04,43.0441,18586.0,38.6848,39.5994,5657156.4286,35.2401,39.5689,38.6239,201997158.0,0.8572
601233.XSHG,2020-06-05,42.5564,15622.0,38.8068,39.0506,5750964.6429,34.8133,38.8373,38.0751,203280373.0,0.8714
601233.XSHG,2020-06-08,42.6783,20407.0,39.325,40.3005,7527718.5714,34.9352,39.386,38.9592,272413013.0,1.1406
601233.XSHG,2020-06-09,43.2575,13809.0,39.1116,39.4774,5506373.5714,35.3925,39.1421,38.8677,198166372.0,0.8343
601233.XSHG,2020-06-10,43.0136,13099.0,38.5934,39.2031,4733521.0714,35.2096,39.1421,38.319,167591688.0,0.7172
601233.XSHG,2020-06-11,42.4649,14624.0,38.38,38.9592,6351080.0,34.7218,38.5324,38.1361,224316404.0,0.9623
601233.XSHG,2020-06-12,42.221,12429.0,37.8617,38.1666,5268057.5,34.5389,37.4959,36.9472,182046153.0,0.7982
601233.XSHG,2020-06-15,41.6418,14251.0,37.8617,38.319,3906917.5,34.0817,37.7093,37.4959,136365482.0,0.592
601233.XSHG,2020-06-16,41.6418,10872.0,38.38,38.5019,4304625.3571,34.0817,38.258,37.8008,150970135.0,0.6522
601233.XSHG,2020-06-17,42.221,12456.0,38.1056,38.319,5001171.4286,34.5389,38.319,37.6788,174524550.0,0.7578
601233.XSHG,2020-06-18,41.9162,11623.0,38.8373,39.0811,4451400.3571,34.2951,38.0142,37.8313,157821635.0,0.6745
601233.XSHG,2020-06-19,42.7088,12313.0,39.1116,39.1726,4034433.9286,34.9657,38.7153,38.5934,144475855.0,0.6113
601233.XSHG,2020-06-22,43.0136,12542.0,38.1971,39.0811,4046393.5714,35.2096,39.0506,38.1361,143049007.0,0.6131
601233.XSHG,2020-06-23,42.0076,12599.0,37.5874,38.1971,3885113.5714,34.3865,38.1056,37.435,134379590.0,0.5887
601233.XSHG,2020-06-24,41.337,26714.0,39.6908,39.7823,13176290.0,33.8378,37.6484,37.5569,472995941.0,1.9965
601233.XSHG,2020-06-29,43.6538,17440.0,38.8373,39.5079,5704680.0,35.7278,39.1421,38.7153,204572673.0,0.8644
601233.XSHG,2020-06-30,42.7088,11003.0,38.8982,39.2031,4443590.3571,34.9657,38.9897,38.6848,158768088.0,0.6733
601233.XSHG,2020-07-01,42.8002,17407.0,39.6908,39.9042,7372236.7857,34.9962,39.1116,38.7153,266638328.0,1.117
601233.XSHG,2020-07-02,43.6538,28794.0,41.1236,41.398,11915793.2143,35.7278,39.7213,39.5689,445913042.0,1.8054
601233.XSHG,2020-07-03,45.239,27530.0,42.6783,43.0746,15354074.6429,37.0082,41.2455,40.9102,594787753.0,2.3264
601233.XSHG,2020-07-06,46.9461,30469.0,44.8122,44.9342,16193118.9286,38.4105,42.5564,42.4039,654510383.0,2.4535
601233.XSHG,2020-07-07,49.2934,26697.0,44.4464,45.9097,13364355.7143,40.331,44.8427,44.1416,550260836.0,2.0249
601233.XSHG,2020-07-08,48.9236,18107.0,44.8027,45.0506,8970741.7857,40.0312,44.5858,43.6253,359579567.0,1.3592
601233.XSHG,2020-07-09,49.2954,16525.0,45.1126,45.3914,8255691.0714,40.3101,45.0816,44.4619,335064400.0,1.2509
601233.XSHG,2020-07-10,49.6362,20237.0,44.8957,46.0421,8875362.5,40.5889,45.0196,44.4619,361182319.0,1.3448
601233.XSHG,2020-07-13,49.3883,21972.0,47.3434,47.5603,11408952.1429,40.403,44.6168,44.5548,477395225.0,1.7286
601233.XSHG,2020-07-14,52.0839,22634.0,46.7237,47.3434,9493345.0,42.6029,47.3434,45.2675,396458046.0,1.4384
601233.XSHG,2020-07-15,51.4023,21276.0,46.4449,46.8786,13879625.0,42.0452,46.4758,45.3604,578279252.0,2.103
601233.XSHG,2020-07-16,51.0925,23493.0,43.5324,46.9096,11529659.2857,41.7973,46.166,43.3775,471148578.0,1.7469
601233.XSHG,2020-07-17,47.9011,22078.0,45.2365,45.7322,11128309.2857,39.1946,43.8112,43.1296,446489538.0,1.6861
601233.XSHG,2020-07-20,49.7601,31786.0,48.149,48.4898,19266791.7857,40.7128,46.4139,45.8562,829053771.0,2.9192
601233.XSHG,2020-07-21,52.9515,22169.0,46.8477,48.2729,9930908.5714,43.3465,48.2729,46.5068,422702063.0,1.5047
601233.XSHG,2020-07-22,51.5262,25340.0,48.2729,48.7377,13969111.7857,42.1691,46.9406,46.8167,600910925.0,2.1165
601233.XSHG,2020-07-23,53.1064,21724.0,46.9406,47.5603,10418835.0,43.4394,47.2814,45.5153,438944166.0,1.5786
601233.XSHG,2020-07-24,51.6502,16819.0,43.9971,46.4449,9916962.1429,42.262,46.3209,43.5324,400924448.0,1.5026
601233.XSHG,2020-07-27,48.3969,14783.0,43.7183,44.6788,7029666.0714,39.5974,44.245,43.1606,278203789.0,1.0651
601233.XSHG,2020-07-28,48.087,14765.0,43.3465,44.7717,8582833.9286,39.3496,44.245,42.417,335020496.0,1.3004
601233.XSHG,2020-07-29,47.6842,14656.0,43.4394,43.5943,7224150.3571,39.0087,42.8507,42.0142,281258102.0,1.0946
601233.XSHG,2020-07-30,47.7772,19530.0,44.5548,44.8027,7351003.2143,39.1017,43.3775,43.2535,294205084.0,1.1138
601233.XSHG,2020-07-31,49.0165,16712.0,44.7408,44.9576,6706033.9286,40.0932,44.0901,43.8732,269886396.0,1.0161
601233.XSHG,2020-08-03,49.2024,13398.0,45.3294,45.6083,6539966.4286,40.2791,45.0196,44.5548,267024935.0,0.9909
601233.XSHG,2020-08-04,49.8531,16999.0,46.4758,47.0955,8833518.9286,40.8058,45.2365,44.9886,369103040.0,1.3384
601233.XSHG,2020-08-05,51.1234,23968.0,47.7772,48.5828,15051657.1429,41.8283,46.4449,46.104,651023154.0,2.2806
601233.XSHG,2020-08-06,52.5487,22094.0,47.7152,48.9546,11748351.0714,43.0057,47.9941,46.9406,509665833.0,1.7801
601233.XSHG,2020-08-07,52.4867,14340.0,47.2814,47.9321,4896689.2857,42.9437,47.6532,46.4758,209075547.0,0.7419
601233.XSHG,2020-08-10,52.022,19761.0,47.9321,48.5208,12143790.0,42.5409,47.2504,47.2504,528421204.0,1.84
601233.XSHG,2020-08-11,52.7346,17994.0,46.9096,48.2109,5661520.3571,43.1296,48.025,46.8786,243397142.0,0.8578
601233.XSHG,2020-08-12,51.5882,23379.0,46.6618,48.3349,8805625.3571,42.2311,46.9406,45.5463,375178103.0,1.3342
601233.XSHG,2020-08-13,51.3403,15305.0,47.8391,48.087,7182128.5714,41.9832,47.0645,46.9406,309288540.0,1.0882
601233.XSHG,2020-08-14,52.6107,18494.0,46.9096,47.8391,5646588.2143,43.0676,47.4983,46.166,238772738.0,0.8555
601233.XSHG,2020-08-17,51.5882,30300.0,50.3179,51.2474,18741094.2857,42.2311,48.025,47.5603,848059649.0,2.8396
601233.XSHG,2020-08-18,55.3372,26744.0,50.8446,51.5572,10480778.9286,45.2985,50.5657,49.946,480568891.0,1.588
601233.XSHG,2020-08-19,55.9259,28663.0,52.022,53.881,17921233.5714,45.7632,50.8446,50.039,846580052.0,2.7154
601233.XSHG,2020-08-20,57.2273,34642.0,52.053,53.5402,10869740.0,46.8167,52.3628,51.1544,515390553.0,1.6469
601233.XSHG,2020-08-21,57.2582,26480.0,51.1854,53.4472,8162020.0,46.8477,53.2923,50.7826,382808746.0,1.2367
601233.XSHG,2020-08-24,56.2977,19640.0,50.9995,52.053,7065516.4286,46.0731,51.4952,50.132,326279305.0,1.0705
601233.XSHG,2020-08-25,56.1118,18662.0,51.4333,52.8275,7575258.5714,45.8872,51.4333,50.7206,354082553.0,1.1478
601233.XSHG,2020-08-26,56.5766,20231.0,49.2644,51.8361,7100639.2857,46.2899,51.4333,48.8616,321052614.0,1.0759
601233.XSHG,2020-08-27,54.1908,18976.0,48.8926,50.2559,4249556.7857,44.338,49.946,48.6447,188450456.0,0.6439
601233.XSHG,2020-08-28,53.7881,19091.0,50.9685,51.2784,6824621.4286,43.9971,49.4503,48.8616,308774023.0,1.034
601233.XSHG,2020-08-31,56.0809,27975.0,49.977,50.9375,10947937.8571,45.8872,50.132,49.6052,496497497.0,1.6588
601233.XSHG,2020-09-01,54.9654,18609.0,50.8756,51.2164,7702292.1429,44.9886,49.8221,49.8221,352250909.0,1.167
601233.XSHG,2020-09-02,55.9569,26231.0,52.3628,53.7571,10943638.9286,45.7942,51.5262,51.1544,519512407.0,1.6581
601233.XSHG,2020-09-03,57.5991,16662.0,51.8361,52.7346,4541766.7857,47.1265,52.3628,51.5882,213860764.0,0.6882
601233.XSHG,2020-09-04,57.0104,13419.0,51.1234,51.4643,3356103.5714,46.6618,51.1854,50.5038,154599513.0,0.5085
601233.XSHG,2020-09-07,56.2358,17696.0,49.6052,51.1234,4700733.9286,46.0111,50.4728,49.1095,212502917.0,0.7122
601233.XSHG,2020-09-08,54.5626,18275.0,49.2644,49.7292,6324510.3571,44.6478,49.4503,47.7772,278407783.0,0.9583
601233.XSHG,2020-09-09,54.1908,29743.0,45.7322,48.149,11575662.8571,44.338,48.149,45.5463,484828350.0,1.7539
601233.XSHG,2020-09-10,50.3179,20038.0,44.9267,46.135,7026294.2857,41.1466,46.0111,44.6168,287692540.0,1.0646
601233.XSHG,2020-09-11,49.4193,14577.0,45.2985,45.7322,3783327.8571,40.434,45.2055,44.5548,154412034.0,0.5732
601233.XSHG,2020-09-14,49.8221,14959.0,45.6083,46.0111,3308622.8571,40.7748,45.7013,45.1126,136233574.0,0.5013
601233.XSHG,2020-09-15,50.1629,15524.0,46.9716,47.1885,5329312.8571,41.0537,45.8562,45.6083,223462747.0,0.8075
601233.XSHG,2020-09-16,51.6811,14222.0,47.0026,47.8391,4375287.1429,42.262,46.9716,46.5998,186697247.0,0.6629
601233.XSHG,2020-09-17,51.7121,15213.0,47.2504,48.3349,4720528.9286,42.293,47.0336,46.5068,202147385.0,0.7152
601233.XSHG,2020-09-18,51.991,11528.0,48.056,48.4588,3802125.3571,42.5409,47.4054,47.0336,164975598.0,0.5761
601233.XSHG,2020-09-21,52.8585,12742.0,47.9011,48.7996,4500734.6429,43.2535,48.2109,47.6223,195928092.0,0.6819
601233.XSHG,2020-09-22,52.7036,24494.0,45.1745,47.5913,10158557.8571,43.0986,46.8477,44.8027,420745203.0,1.5392
601233.XSHG,2020-09-23,49.6982,17199.0,45.2365,45.7013,3939650.3571,40.6509,45.6083,44.7717,160875914.0,0.5969
601233.XSHG,2020-09-24,49.7601,21257.0,43.0366,45.0816,6883037.1429,40.7128,44.9267,43.0057,270996118.0,1.0429
601233.XSHG,2020-09-25,47.3434,15943.0,43.2225,43.6873,4105142.8571,38.7299,43.2845,42.6029,160023608.0,0.622
601233.XSHG,2020-09-28,47.5603,14544.0,43.3465,43.5943,3469475.0,38.9158,43.2535,42.4479,135451449.0,0.5257
601233.XSHG,2020-09-29,47.6842,20032.0,43.5324,43.9662,4097344.6429,39.0087,43.5634,42.9437,161212993.0,0.6208
601233.XSHG,2020-09-30,47.9011,11366.0,42.8507,43.7493,2747574.2857,39.1946,43.5014,42.6338,107225778.0,0.4163
601233.XSHG,2020-10-09,47.1265,10544.0,44.0901,44.4929,2830878.9286,38.575,43.4704,43.4704,112675911.0,0.4289
601233.XSHG,2020-10-12,48.4898,25460.0,48.4898,48.4898,13402467.8571,39.6904,44.307,44.1521,575796353.0,2.0281
601233.XSHG,2020-10-13,53.3543,21885.0,48.3659,48.7996,6224604.6429,43.6563,48.7687,47.7462,271470097.0,0.9419
601233.XSHG,2020-10-14,53.1994,37052.0,50.6587,51.0305,15245418.5714,43.5324,48.5828,48.056,689129354.0,2.307
601233.XSHG,2020-10-15,55.74,29433.0,51.3093,52.2079,11007878.5714,45.6083,50.9685,50.5038,513161883.0,1.6658
601233.XSHG,2020-10-16,56.4527,31028.0,51.2474,52.4867,10203590.7143,46.166,51.6811,50.9375,475632516.0,1.5441
601233.XSHG,2020-10-19,56.3597,41713.0,51.7431,53.881,19478787.1429,46.135,52.6726,51.4333,925772123.0,2.9476
601233.XSHG,2020-10-20,56.9174,26674.0,51.8361,52.3628,9862607.1429,46.5688,51.5572,51.3093,463152611.0,1.4925
601233.XSHG,2020-10-21,57.0104,23713.0,51.3713,52.2079,7601673.9286,46.6618,51.991,51.0615,354181554.0,1.1503
601233.XSHG,2020-10-22,56.5146,28683.0,49.946,51.1234,8150894.6429,46.228,50.8136,49.8841,370638639.0,1.2334
601233.XSHG,2020-10-23,54.9345,18282.0,49.7292,50.8446,4801136.0714,44.9576,50.6587,49.7292,217667421.0,0.7265
601233.XSHG,2020-10-26,54.7176,22590.0,49.8841,50.132,6370237.5,44.7717,49.2644,48.3659,283864011.0,0.964
601233.XSHG,2020-10-27,54.8725,19035.0,49.0475,50.2249,4719190.3571,44.8957,49.7292,48.4898,208588653.0,0.7141
601233.XSHG,2020-10-28,53.943,18717.0,49.2024,49.6672,4816689.6429,44.1521,49.2954,48.3659,214024054.0,0.7289
601233.XSHG,2020-10-29,54.1289,15573.0,48.6447,49.1714,4658819.6429,44.276,48.2729,48.087,204722835.0,0.705
601233.XSHG,2020-10-30,53.5092,21387.0,46.8786,49.3883,6224361.4286,43.7803,49.1095,46.7547,269162116.0,0.9419
601233.XSHG,2020-11-02,51.5572,33146.0,48.8926,50.1939,13522260.3571,42.2001,47.4364,47.2195,596369008.0,2.0463
601233.XSHG,2020-11-03,53.7881,44504.0,49.8841,50.9065,15906723.5714,43.9971,49.0475,47.5603,709356162.0,2.4071
601233.XSHG,2020-11-04,54.8725,27259.0,50.039,50.3179,10769005.0,44.8957,49.977,49.2024,485254854.0,1.6296
601233.XSHG,2020-11-05,55.0584,28374.0,49.977,51.1234,12747425.7143,45.0506,50.9065,49.3264,575813767.0,1.929
601233.XSHG,2020-11-06,54.9654,24908.0,49.4193,50.5967,14722225.7143,44.9886,50.008,48.6137,658646533.0,2.2278
601233.XSHG,2020-11-09,54.3767,43072.0,50.2559,51.6192,31216266.7857,44.4929,50.039,49.4813,1417805968.0,4.7238
601233.XSHG,2020-11-10,55.2753,62689.0,52.5797,55.2753,51171629.6429,45.2365,51.4643,51.4643,2470448124.0,7.7435
601233.XSHG,2020-11-11,57.8469,70335.0,54.9345,56.5766,62017981.4286,47.3124,51.6811,51.3403,3094034197.0,9.3849
601233.XSHG,2020-11-12,60.4186,76590.0,57.0104,57.2273,63971526.7857,49.4503,54.5317,53.85,3175936611.0,9.6805
601233.XSHG,2020-11-13,62.7114,68676.0,58.1258,60.0158,46684225.7143,51.3093,56.7005,55.5231,2433730133.0,7.0645
601233.XSHG,2020-11-16,63.9508,54006.0,63.9508,63.9508,42806562.5,52.3008,59.0243,58.4976,2383346142.0,6.4777
601233.XSHG,2020-11-17,70.3335,56684.0,64.6014,65.6239,31618201.0714,57.5681,64.6014,62.7734,1833008587.0,4.3964
601233.XSHG,2020-11-18,71.0771,71199.0,69.5589,69.8067,38788508.2143,58.1568,64.4465,63.3621,2366623593.0,5.3934
601233.XSHG,2020-11-19,76.5302,78169.0,66.2746,67.6069,42188055.7143,62.6185,67.5449,64.1677,2506069426.0,5.8661
601233.XSHG,2020-11-20,72.9051,56924.0,67.2351,68.1336,33082951.7857,59.644,64.7564,64.2916,1979954921.0,4.6
601233.XSHG,2020-11-23,73.9586,70334.0,66.1196,70.0236,33649743.2143,60.5116,67.39,65.7478,2064101061.0,4.6789
601233.XSHG,2020-11-24,72.7192,62268.0,67.1111,67.2351,25737888.5714,59.5201,65.5619,65.2831,1544386237.0,3.5787
601233.XSHG,2020-11-25,73.8346,89868.0,62.9903,69.7138,40605906.0714,60.3876,68.9702,62.5875,2393825493.0,5.6461
601233.XSHG,2020-11-26,69.28,69081.0,62.8973,64.9113,26944176.0714,56.7005,64.0127,60.8834,1518641629.0,3.7465
601233.XSHG,2020-11-27,69.187,55293.0,61.9678,63.517,21268700.0,56.6076,62.9903,60.6045,1186729252.0,2.9573
601233.XSHG,2020-11-30,68.1646,55805.0,61.0693,64.3536,22599739.6429,55.771,62.8353,61.0693,1279871099.0,2.965
601233.XSHG,2020-12-01,67.1731,50222.0,62.1537,62.9593,17675614.2857,54.9654,61.9678,60.7594,988226681.0,2.319
601233.XSHG,2020-12-02,68.3815,56649.0,61.7199,63.0522,22155253.9286,55.9259,62.4945,60.6045,1233492458.0,2.9067
601233.XSHG,2020-12-03,67.8857,56825.0,61.3791,62.4326,21921135.7143,55.5541,61.658,59.1173,1205726425.0,2.876
601233.XSHG,2020-12-04,67.5139,56797.0,60.9143,61.9368,23092839.6429,55.2443,61.596,58.7765,1256328119.0,3.0297
601233.XSHG,2020-12-07,67.0182,44421.0,60.6975,61.8129,16194583.9286,54.8105,60.6665,60.2017,889326616.0,2.1247
601233.XSHG,2020-12-08,66.7703,41784.0,59.706,60.8524,14703513.5714,54.6246,59.644,59.4891,796654012.0,1.9291
601233.XSHG,2020-12-09,65.6859,33087.0,58.3427,60.1088,12842251.7857,53.7261,59.7989,57.9709,682150905.0,1.6849
601233.XSHG,2020-12-10,64.1677,34279.0,58.8694,59.2412,14616194.6429,52.5177,58.3427,56.5766,767307980.0,1.9176
601233.XSHG,2020-12-11,64.7564,57034.0,58.4976,61.1003,26259149.6429,52.9825,59.4891,57.0104,1403830289.0,3.4451
601233.XSHG,2020-12-14,64.3536,41104.0,58.1258,58.7455,15099345.7143,52.6416,58.0948,56.5456,780849767.0,1.981
601233.XSHG,2020-12-15,63.9508,43536.0,57.2582,57.816,16261902.1429,52.3008,57.5371,55.6471,833539467.0,2.1335
601233.XSHG,2020-12-16,62.9903,29789.0,57.4751,58.6835,13308256.7857,51.5262,57.6301,56.8245,695467710.0,1.746
601233.XSHG,2020-12-17,63.2381,42542.0,59.4891,59.644,19077461.4286,51.7431,58.4356,57.5681,1014299827.0,2.5029
601233.XSHG,2020-12-18,65.438,48529.0,59.2412,61.0073,17747305.7143,53.5402,59.5511,58.8694,962443546.0,2.3284
601233.XSHG,2020-12-21,65.1591,39571.0,58.3737,59.8609,14937407.5,53.3233,59.644,58.1258,796889614.0,1.9597
601233.XSHG,2020-12-22,64.1986,41979.0,57.5991,58.7145,17280037.1429,52.5487,57.5681,56.4217,895171097.0,2.2671
601233.XSHG,2020-12-23,63.3621,42291.0,56.0499,57.4751,16683828.2143,51.8361,57.1653,55.1513,842944191.0,2.1889
601233.XSHG,2020-12-24,61.658,47002.0,57.5061,58.3737,18453425.3571,50.4418,56.0499,55.5851,957728488.0,2.421
601233.XSHG,2020-12-25,63.2691,38687.0,60.5735,60.8834,18623025.0,51.7431,57.754,57.1653,998803818.0,2.4433
601233.XSHG,2020-12-28,66.6464,59839.0,61.627,63.455,20258834.6429,54.5317,60.7284,60.7284,1136927731.0,2.6579
601233.XSHG,2020-12-29,67.7928,47359.0,60.2637,61.9678,12872257.5,55.4612,61.9678,58.9314,698666888.0,1.6888
601233.XSHG,2020-12-30,66.3055,39286.0,62.5875,62.6185,15121020.3571,54.2528,60.2327,59.7989,839669530.0,1.9838
601233.XSHG,2020-12-31,68.8462,66756.0,63.7959,63.9818,26339752.1429,56.3287,62.2776,60.9763,1488407135.0,3.4557
601233.XSHG,2021-01-04,70.1785,46723.0,62.3706,63.2072,17444372.1429,57.4132,62.8973,61.534,984205972.0,2.2886
601233.XSHG,2021-01-05,68.5984,47756.0,66.0887,66.5844,21096123.9286,56.1428,62.5875,61.7199,1245027139.0,2.6886
601233.XSHG,2021-01-06,72.6882,45596.0,68.4744,70.0546,19343051.4286,59.4891,66.3985,66.3365,1201751929.0,2.4652
601233.XSHG,2021-01-07,75.3219,55659.0,69.6828,72.1925,20440617.8571,61.627,69.8377,68.7843,1296170893.0,2.6051
601233.XSHG,2021-01-08,76.6542,57595.0,67.6069,70.0856,20507472.1429,62.7114,69.5589,66.9252,1261182626.0,2.6136
601233.XSHG,2021-01-11,74.3614,68352.0,71.5108,74.3614,26952877.8571,60.8524,66.7393,66.6464,1751508919.0,3.4351
601233.XSHG,2021-01-12,78.6681,65587.0,74.3614,74.9191,23885245.3571,64.3536,71.8207,71.8207,1594541205.0,3.0441
601233.XSHG,2021-01-13,81.7975,69274.0,74.981,77.9555,21876237.5,66.9252,76.0035,72.8741,1496464277.0,2.7881
601233.XSHG,2021-01-14,82.4791,61161.0,71.1081,75.8486,19709741.0714,67.4829,75.074,70.9221,1299842063.0,2.512
601233.XSHG,2021-01-15,78.2343,97429.0,70.6123,72.5023,21349607.1429,64.0127,70.8602,67.8857,1351214868.0,2.6132
601233.XSHG,2021-01-18,77.6766,71365.0,77.6147,77.6766,20649958.9286,63.548,69.4039,69.342,1414031291.0,2.5276
601233.XSHG,2021-01-19,85.3916,74543.0,78.2343,82.1073,24778473.9286,69.8687,77.4907,76.7781,1786312380.0,3.033
601233.XSHG,2021-01-20,86.0733,45152.0,80.4962,80.806,14704970.0,70.4264,79.4427,77.1499,1056258348.0,1.7999
601233.XSHG,2021-01-21,88.552,64987.0,82.1693,84.586,22311398.9286,72.4404,79.8455,79.1639,1667979686.0,2.731
601233.XSHG,2021-01-22,90.38,57078.0,81.9834,84.1213,18039209.2857,73.9586,82.4172,79.5976,1330390924.0,2.208
601233.XSHG,2021-01-25,90.1941,52303.0,80.9919,84.3072,14408213.2143,73.7727,82.727,80.4962,1073603996.0,1.7636
601233.XSHG,2021-01-26,89.0787,69365.0,79.1329,81.3947,20325300.3571,72.9051,80.5581,76.2204,1439577383.0,2.4879
601233.XSHG,2021-01-27,87.0338,63106.0,77.7076,81.9524,15031826.0714,71.232,80.5272,77.0879,1069456939.0,1.8399
601233.XSHG,2021-01-28,85.4846,60244.0,73.9276,78.0175,15500675.3571,69.9307,76.5302,73.06,1054306172.0,1.8973
601233.XSHG,2021-01-29,81.3327,66443.0,71.8826,75.4458,16680268.9286,66.5224,74.1135,70.5813,1102100729.0,2.0417
601233.XSHG,2021-02-01,79.0709,62564.0,79.0709,79.0709,18168861.4286,64.6944,71.9446,71.9136,1266145317.0,2.2239
601233.XSHG,2021-02-02,86.9718,105328.0,81.1778,82.3552,23703795.7143,71.17,80.4032,76.902,1711006383.0,2.9014
601233.XSHG,2021-02-03,89.2956,73339.0,80.9299,83.5946,17941491.4286,73.06,80.2483,79.7526,1320840923.0,2.1961
601233.XSHG,2021-02-04,89.0167,125660.0,76.7471,82.9439,37141064.6429,72.8431,80.5581,73.6797,2606427337.0,4.5462
601233.XSHG,2021-02-05,84.4311,101772.0,74.2684,79.4427,32780048.5714,69.0631,79.0089,71.201,2216870946.0,4.0124
601233.XSHG,2021-02-08,81.7045,80429.0,77.4598,79.2878,22581333.9286,66.8323,73.6797,72.5023,1561715423.0,2.764
601233.XSHG,2021-02-09,85.2057,56795.0,85.2057,85.2057,21176420.7143,69.7138,78.916,78.1104,1587343997.0,2.5921
601233.XSHG,2021-02-10,93.7263,72723.0,88.8928,90.2871,19732265.7143,76.6852,87.0957,84.679,1560272157.0,2.4153
601233.XSHG,2021-02-18,97.7852,94974.0,89.8533,96.0501,27557310.0,80.0004,95.9881,87.1577,2266366173.0,3.3731
601233.XSHG,2021-02-19,98.8386,79199.0,85.3606,90.9997,22400102.1429,80.868,89.4815,81.1778,1737120962.0,2.7418
601233.XSHG,2021-02-22,93.9122,86079.0,88.0562,90.9687,24286250.3571,76.8401,87.3746,86.0113,1949974235.0,2.9727
601233.XSHG,2021-02-23,96.8557,65166.0,84.2762,88.8308,18019181.0714,79.2568,86.7549,83.1918,1394383003.0,2.2056
601233.XSHG,2021-02-24,92.7038,77476.0,80.5272,84.5551,20762817.1429,75.8486,83.6255,78.3893,1512123890.0,2.5414
601233.XSHG,2021-02-25,88.583,58395.0,82.4172,84.5241,17091219.2857,72.4713,83.3467,80.2173,1268872914.0,2.092
601233.XSHG,2021-02-26,90.6589,56211.0,79.3498,82.3552,16165164.6429,74.1755,79.7835,75.7247,1152780081.0,1.9787
601233.XSHG,2021-03-01,87.2816,67870.0,79.5357,82.5411,17182154.6429,71.4179,79.6286,77.8006,1241182953.0,2.1031
601233.XSHG,2021-03-02,87.4985,62456.0,76.8401,79.7526,19636395.3571,71.5728,78.7611,74.6402,1356841725.0,2.4035
601233.XSHG,2021-03-03,84.5241,61427.0,76.1894,77.3978,17161080.3571,69.1561,75.6007,74.0825,1177408844.0,2.1006
601233.XSHG,2021-03-04,83.8114,89932.0,76.964,79.2568,25277806.4286,68.5674,77.4907,74.0515,1749007709.0,3.0941
601233.XSHG,2021-03-05,84.648,85659.0,79.5357,82.2003,23849397.8571,69.28,76.4992,75.5387,1701907779.0,2.9192
601233.XSHG,2021-03-08,87.4985,76373.0,80.0004,84.1213,20344796.0714,71.5728,81.3327,79.6596,1500741812.0,2.4903
601233.XSHG,2021-03-09,87.9943,71550.0,72.0066,76.3753,26905744.6429,72.0066,76.2204,72.0066,1771661441.0,3.2933
601233.XSHG,2021-03-10,79.1948,67432.0,69.8377,73.2769,24050258.5714,64.8183,72.2854,68.6293,1526073426.0,2.9438
601233.XSHG,2021-03-11,76.8091,48953.0,71.294,72.4094,13034613.9286,62.8663,69.7757,68.8152,835845865.0,1.5955
601233.XSHG,2021-03-12,78.4203,50815.0,72.0995,72.9671,11870903.5714,64.1677,72.3474,70.5813,769470210.0,1.453
601233.XSHG,2021-03-15,79.3188,71093.0,68.5984,71.6658,17043032.1429,64.8803,71.6658,66.9872,1060933843.0,2.0861
601233.XSHG,2021-03-16,75.4458,46613.0,68.1646,69.8997,11281671.7857,61.7509,68.1646,67.9787,699668058.0,1.3809
601233.XSHG,2021-03-17,74.981,42186.0,69.187,69.4039,7911050.3571,61.3481,67.8547,66.5844,490199157.0,0.9683
601233.XSHG,2021-03-18,76.0965,60207.0,72.6572,74.5163,15862888.9286,62.2776,69.0941,68.9082,1034549901.0,1.9417
601233.XSHG,2021-03-19,79.9385,69802.0,67.266,70.3025,16804282.8571,65.407,70.3025,65.9028,1035481061.0,2.0569
601233.XSHG,2021-03-22,73.9896,40712.0,66.9252,69.5279,11306670.3571,60.5425,67.1111,65.469,685486737.0,1.384
601233.XSHG,2021-03-23,73.6177,59032.0,63.3311,67.39,16380376.4286,60.2327,66.3365,62.4326,946334071.0,2.005
601233.XSHG,2021-03-24,69.6518,75935.0,59.1173,63.0522,24808539.2857,57.0104,62.7114,58.5596,1346819793.0,3.0366
601233.XSHG,2021-03-25,65.0352,59482.0,61.7199,62.9903,15924903.2143,53.1994,60.3566,59.9538,886040828.0,1.9493
601233.XSHG,2021-03-26,67.8857,48408.0,61.658,62.4016,11068983.5714,55.5541,61.627,60.2017,614415087.0,1.3549
601233.XSHG,2021-03-29,67.8238,44324.0,61.7819,63.455,10668792.8571,55.4922,62.6185,60.9453,598522448.0,1.3059
601233.XSHG,2021-03-30,67.9477,48713.0,64.7873,65.5,14589263.9286,55.6161,61.0383,61.0383,842028769.0,1.7858
601233.XSHG,2021-03-31,71.263,38696.0,63.9818,64.4465,8728089.6429,58.3117,64.4465,62.3396,500131777.0,1.0683
601233.XSHG,2021-04-01,70.3954,35327.0,65.0972,65.3141,7938780.7143,57.5991,63.517,62.9903,461292939.0,0.9717
601233.XSHG,2021-04-02,71.6038,34536.0,64.5704,66.7083,8457875.7143,58.5906,65.7788,64.2606,496170418.0,1.0353
601233.XSHG,2021-04-06,71.0151,24894.0,64.7564,65.407,5932649.2857,58.1258,64.5704,63.9198,346231665.0,0.7262
601233.XSHG,2021-04-07,71.232,31322.0,64.7564,65.6549,5905181.7857,58.2807,65.6239,63.8268,344086566.0,0.7228
601233.XSHG,2021-04-08,71.232,44147.0,65.5929,66.5844,11769113.5714,58.2807,65.5,63.7649,694640971.0,1.4406
601233.XSHG,2021-04-09,72.1615,37559.0,63.1142,65.345,8452573.5714,59.0243,65.2521,62.4945,484314272.0,1.0346
601233.XSHG,2021-04-12,69.4349,69875.0,59.9848,63.8888,16897072.5,56.7935,62.6494,59.3961,923989019.0,2.0682
601233.XSHG,2021-04-13,65.9957,49882.0,61.503,63.1452,12989283.9286,53.974,60.0778,59.9538,725763363.0,1.5899
601233.XSHG,2021-04-14,67.6688,31895.0,61.596,62.7114,6858219.2857,55.3682,61.3481,61.3171,383567047.0,0.8395
601233.XSHG,2021-04-15,67.7618,40973.0,63.2691,63.3931,9999656.0714,55.4302,62.4635,60.4806,562248252.0,1.224
601233.XSHG,2021-04-16,69.5898,40569.0,63.517,64.0127,8632410.0,56.9484,62.4326,61.503,491771379.0,1.0566
601233.XSHG,2021-04-19,69.8687,57121.0,64.0747,64.9113,14478916.0714,57.1653,63.8268,63.1142,839161836.0,1.7723
601233.XSHG,2021-04-20,70.4884,36717.0,64.5085,65.1901,7833659.2857,57.661,64.5085,63.8888,457241767.0,0.9589
601233.XSHG,2021-04-21,70.9531,28568.0,64.3226,64.5704,5858366.4286,58.0638,63.9508,62.8663,337727059.0,0.7171
601233.XSHG,2021-04-22,70.7672,31822.0,65.5619,66.4295,8464538.5714,57.8779,64.6324,63.8268,500394029.0,1.0361
601233.XSHG,2021-04-23,72.1305,32802.0,66.6154,66.8633,8025229.2857,58.9933,65.376,64.8803,478990939.0,0.9823
601233.XSHG,2021-04-26,73.2769,47764.0,67.1111,69.8377,13341898.9286,59.9538,67.0492,66.8633,823445542.0,1.6331
601233.XSHG,2021-04-27,73.8346,32295.0,67.8857,68.1336,7386221.0714,60.3876,67.1731,66.6154,450875676.0,0.9041
601233.XSHG,2021-04-28,74.6712,44785.0,68.4125,69.0321,9429751.0714,61.1003,67.266,66.8013,579575631.0,1.1542
601233.XSHG,2021-04-29,75.2599,56324.0,69.9926,70.3335,15583933.2143,61.565,69.7448,67.9167,977209042.0,1.9075
601233.XSHG,2021-04-30,76.995,76185.0,70.9221,72.2854,18110009.2857,62.9903,70.6743,70.0856,1165814781.0,2.2167
601233.XSHG,2021-05-06,78.0175,63598.0,72.1925,73.8036,16185233.2143,63.8268,71.3869,71.263,1061059064.0,1.9811
601233.XSHG,2021-05-07,79.4117,61711.0,74.0515,75.2289,16039228.5714,64.9732,72.3164,71.3559,1066256013.0,1.9632
601233.XSHG,2021-05-10,81.4567,66314.0,72.1925,74.6712,15844731.0714,66.6464,74.3614,70.3954,1031562176.0,1.9394
601233.XSHG,2021-05-11,79.4117,64920.0,68.6293,70.9531,17652022.1429,64.9732,70.9531,67.452,1094835876.0,2.1607
601233.XSHG,2021-05-12,75.5078,49236.0,71.263,71.3249,10771908.2143,61.7819,67.7308,67.6998,681380255.0,1.3185
601233.XSHG,2021-05-13,78.3893,36089.0,68.8772,70.7053,9245575.0,64.1367,70.5813,68.4125,581317589.0,1.1317
601233.XSHG,2021-05-14,75.7556,44075.0,69.5279,69.8687,11480416.4286,61.9988,68.8462,67.0492,711208246.0,1.4052
601233.XSHG,2021-05-17,76.4683,50473.0,70.9531,71.6348,12551722.8571,62.5875,69.4039,69.187,803561216.0,1.5364
601233.XSHG,2021-05-18,78.0484,49194.0,69.218,71.6658,12227570.3571,63.8578,70.3954,68.6293,769742414.0,1.4967
601233.XSHG,2021-05-19,76.1274,36171.0,68.1956,69.5898,7878729.6429,62.3086,68.6293,67.9477,488385578.0,0.9644
601233.XSHG,2021-05-20,75.012,55878.0,66.9872,68.4125,13323357.8571,61.3791,67.6998,65.407,804918657.0,1.6308
601233.XSHG,2021-05-21,73.6797,37594.0,65.438,67.297,8850814.2857,60.2947,67.0492,65.0662,525661454.0,1.0834
601233.XSHG,2021-05-24,71.9756,36642.0,66.8633,66.9252,6978796.7857,58.9004,65.8408,65.5929,418788752.0,0.8542
601233.XSHG,2021-05-25,73.5558,42138.0,68.5364,68.8462,10512880.3571,60.1707,66.4295,66.4295,645215619.0,1.2868
601233.XSHG,2021-05-26,75.3838,28028.0,67.9167,69.4969,7179255.3571,61.6889,69.0631,67.7928,443272816.0,0.8788
601233.XSHG,2021-05-27,74.7022,25968.0,68.5674,68.8462,6343407.1429,61.1312,67.9477,67.5449,391903254.0,0.7765
601233.XSHG,2021-05-28,75.4148,58460.0,65.9337,68.9702,12047378.9286,61.7199,68.5364,65.6859,728026897.0,1.4746
601233.XSHG,2021-05-31,72.5333,34668.0,66.0267,66.9872,10036888.5714,59.3342,65.5929,64.6324,598626537.0,1.2285
601233.XSHG,2021-06-01,72.6263,73119.0,68.1646,68.9082,18031009.2857,59.4271,66.5844,64.1677,1083095962.0,2.207
601233.XSHG,2021-06-02,74.981,64937.0,70.2405,70.5503,19868609.2857,61.3481,68.0716,67.7928,1246842274.0,2.432
601233.XSHG,2021-06-03,77.2738,69735.0,67.5759,71.7277,17928134.2857,63.2072,69.9616,67.5449,1122459173.0,2.1945
601233.XSHG,2021-06-04,74.3304,47396.0,66.9252,67.39,10956468.9286,60.8214,67.1111,65.8408,660335026.0,1.3411
601233.XSHG,2021-06-07,73.6177,61084.0,68.8152,70.1785,17592712.1429,60.2327,66.9562,66.0887,1091066832.0,2.1534
601233.XSHG,2021-06-08,75.6937,38267.0,67.9167,69.9307,9129176.0714,61.9368,68.8772,67.5449,563462884.0,1.1174
601233.XSHG,2021-06-09,74.7022,62438.0,71.0151,71.6038,17685461.7857,61.1312,68.1646,67.39,1118698160.0,2.1647
601233.XSHG,2021-06-10,78.1104,75161.0,73.4318,73.6177,21602034.6429,63.9198,70.3025,70.0856,1410614753.0,2.6441
601233.XSHG,2021-06-11,80.775,60382.0,73.091,74.0825,16789872.1429,66.0887,73.7727,71.6967,1108110678.0,2.0551
601233.XSHG,2021-06-15,80.4032,53557.0,70.1475,73.8656,13121742.8571,65.7788,73.6177,69.8067,840012669.0,1.6061
601233.XSHG,2021-06-16,77.1499,38116.0,68.9082,70.5813,11239029.2857,63.1452,69.7138,68.4125,703624517.0,1.3757
601233.XSHG,2021-06-17,75.7866,34254.0,68.7533,69.5589,7908980.3571,62.0298,68.5364,67.6379,490377953.0,0.9681
601233.XSHG,2021-06-18,75.6317,56683.0,65.5929,68.3505,16988523.9286,61.8748,68.3505,64.4775,1007898007.0,2.0794
601233.XSHG,2021-06-21,72.1615,61554.0,64.9113,65.469,19587476.0714,59.0243,65.0352,62.8973,1136520971.0,2.3976
601233.XSHG,2021-06-22,71.4179,34405.0,65.1591,66.1196,9000015.3571,58.4356,64.9423,64.5704,530602849.0,1.1016
601233.XSHG,2021-06-23,71.6658,30768.0,65.1591,66.1196,8385461.0714,58.6525,65.9647,63.7649,491286665.0,1.0264
601233.XSHG,2021-06-24,71.6658,36712.0,65.7169,67.0492,10579130.7143,58.6525,65.0662,64.3536,629743792.0,1.2949
601233.XSHG,2021-06-25,72.2854,81437.0,72.2854,72.2854,30565237.1429,59.1483,66.0887,66.0267,1950323769.0,3.7413
601233.XSHG,2021-06-28,79.5047,93516.0,73.8966,74.1445,26935503.2143,65.0662,72.8122,71.17,1774491009.0,3.297
601233.XSHG,2021-06-29,81.3018,88891.0,74.8571,76.8091,24109158.9286,66.5224,73.4318,73.06,1634597505.0,2.951
601233.XSHG,2021-06-30,82.3552,48205.0,74.6402,75.9106,12806722.5,67.359,75.2599,73.4938,860684478.0,1.5676
601233.XSHG,2021-07-01,82.1073,52382.0,72.5023,74.9501,12061186.4286,67.1731,74.6712,72.1925,800957536.0,1.4763
601233.XSHG,2021-07-02,79.7526,57006.0,72.9361,74.0205,14712333.9286,65.2521,72.4404,71.9136,969386514.0,1.8008
601233.XSHG,2021-07-05,80.2173,51813.0,72.9051,74.2374,11456855.3571,65.6549,73.7417,71.3559,749345117.0,1.4024
601233.XSHG,2021-07-06,80.1863,77904.0,74.6712,75.2909,20158413.9286,65.6239,73.06,72.9361,1350271063.0,2.4674
601233.XSHG,2021-07-07,82.1476,64435.0,73.8612,74.3284,14904582.1429,67.1946,71.7428,70.1229,978782683.0,1.8244
601233.XSHG,2021-07-08,81.2442,65207.0,75.0138,76.7583,17175117.5,66.4782,73.6742,73.0512,1164645624.0,2.1023
601233.XSHG,2021-07-09,82.5214,58121.0,76.0729,76.4779,16603292.1429,67.5062,74.8269,72.5839,1121416925.0,2.0323
601233.XSHG,2021-07-12,83.674,78294.0,79.4373,81.3688,25309402.8571,68.4719,77.319,76.696,1800120768.0,3.0979
601233.XSHG,2021-07-13,87.3811,62207.0,80.7457,81.1195,16631365.0,71.4936,79.4373,78.2847,1192936693.0,2.0357
601233.XSHG,2021-07-14,88.8141,76334.0,82.241,83.5182,19332368.5714,72.6774,81.5245,79.2816,1420531096.0,2.3663
601233.XSHG,2021-07-15,90.4651,74910.0,83.6429,86.5088,24351440.0,74.0169,82.241,80.8703,1821869307.0,2.9807
601233.XSHG,2021-07-16,92.0227,85458.0,85.3251,88.6583,30354793.2143,75.2941,87.1942,84.7332,2358721626.0,3.7155
601233.XSHG,2021-07-19,93.8607,77176.0,85.6989,88.9698,19727152.1429,76.7894,86.6334,85.1693,1543575020.0,2.4147
601233.XSHG,2021-07-20,94.2656,86320.0,83.3313,84.0167,27865670.7143,77.1321,83.2067,79.9669,2041032147.0,3.4108
601233.XSHG,2021-07-21,91.68,58287.0,85.2004,85.5743,14092436.0714,75.0138,83.7052,82.8641,1067751273.0,1.725
601233.XSHG,2021-07-22,93.7361,68956.0,87.9107,87.973,19647833.5714,76.696,87.2253,85.1693,1531860990.0,2.4049
601233.XSHG,2021-07-23,96.6955,69720.0,87.568,89.3125,18358592.8571,79.1258,87.4745,86.2285,1448828918.0,2.2471
601233.XSHG,2021-07-26,96.3217,72103.0,85.8546,88.2845,17092745.3571,78.8143,85.7923,83.9232,1318494599.0,2.0922
601233.XSHG,2021-07-27,94.4526,87433.0,84.6397,89.8421,22913291.4286,77.2567,85.107,84.1101,1802219767.0,2.8046
601233.XSHG,2021-07-28,93.113,70874.0,83.7363,85.6677,17652310.3571,76.1664,83.6429,79.6554,1319110467.0,2.1607
601233.XSHG,2021-07-29,92.1162,61604.0,84.6397,85.5431,13770338.9286,75.3564,84.9824,82.3345,1042116163.0,1.6855
601233.XSHG,2021-07-30,93.113,74963.0,80.7457,86.8515,20170900.3571,76.1664,84.1101,79.8423,1492392994.0,2.469
601233.XSHG,2021-08-02,88.8141,75823.0,88.8141,88.8141,24427526.7857,72.6774,80.9326,80.3096,1891192207.0,2.99
601233.XSHG,2021-08-03,97.6924,93843.0,86.2908,88.6583,21339185.3571,79.9358,87.2876,85.9169,1670495679.0,2.612
601233.XSHG,2021-08-04,94.9198,60392.0,87.0073,88.0041,12889079.6429,77.6617,86.7269,84.9512,1002367876.0,1.5777
601233.XSHG,2021-08-05,95.6986,65556.0,83.1756,86.3219,16692824.6429,78.3159,86.2908,82.4279,1256420460.0,2.0432
601233.XSHG,2021-08-06,91.4931,45537.0,84.7332,84.8578,10411532.8571,74.858,83.3936,81.618,784020318.0,1.2744
601233.XSHG,2021-08-09,93.2065,49130.0,84.1101,85.6677,10181561.4286,76.2599,83.1756,82.1476,771271455.0,1.2463
601233.XSHG,2021-08-10,92.5211,51335.0,82.7706,85.0447,12060351.0714,75.6991,83.9232,81.9295,897665771.0,1.4762
601233.XSHG,2021-08-11,91.057,53850.0,84.4216,86.4777,13777205.7143,74.4842,83.3313,82.7083,1051509180.0,1.6864
601233.XSHG,2021-08-12,92.8638,65062.0,86.2908,86.9138,16447636.4286,75.9795,84.4216,82.3968,1253802720.0,2.0132
601233.XSHG,2021-08-13,94.9198,69712.0,87.5368,88.7206,18146899.6429,77.6617,85.9792,85.2628,1423006087.0,2.2212
601233.XSHG,2021-08-16,96.2905,86196.0,83.7052,89.219,23327977.8571,78.7832,88.191,82.9575,1794367079.0,2.8554
601233.XSHG,2021-08-17,92.085,70620.0,83.8298,87.4745,17365177.5,75.3253,83.674,82.8641,1329018015.0,2.1255
601233.XSHG,2021-08-18,92.2096,90150.0,84.2659,84.2659,21121631.4286,75.4499,83.6429,78.8143,1550530958.0,2.5853
601233.XSHG,2021-08-19,92.7081,103889.0,79.4996,82.8641,29890273.9286,75.8549,82.8641,76.9452,2123900584.0,3.6587
601233.XSHG,2021-08-20,87.4434,67586.0,79.8423,80.0292,17581775.7143,71.5559,79.4996,77.1944,1237805187.0,2.1521
601233.XSHG,2021-08-23,87.8172,85003.0,77.724,79.6866,18961025.3571,71.8674,79.1881,77.4436,1330410087.0,2.3209
601233.XSHG,2021-08-24,85.512,69940.0,76.8829,79.1258,18684434.6429,69.9672,78.5651,76.0729,1300930664.0,2.287
601233.XSHG,2021-08-25,84.5774,56591.0,75.7614,77.1321,13704153.9286,69.1884,76.914,74.5776,928422363.0,1.6774
601233.XSHG,2021-08-26,83.3313,49033.0,75.1384,76.9452,10519134.6429,68.1915,75.6368,74.9826,716889482.0,1.2876
601233.XSHG,2021-08-27,82.646,47961.0,75.3876,76.0729,11566167.1429,67.6308,74.8269,74.1727,780394416.0,1.4157
601233.XSHG,2021-08-30,82.9264,68384.0,76.914,77.7863,16703844.6429,67.8488,75.8237,75.3876,1151557337.0,2.0446
601233.XSHG,2021-08-31,84.6086,82194.0,74.453,76.7894,24451785.3571,69.2195,76.6337,71.9297,1624721719.0,2.993
601233.XSHG,2021-09-01,81.8983,78721.0,75.0449,77.7551,19355078.9286,67.0077,73.8923,73.8923,1320298460.0,2.3691
601233.XSHG,2021-09-02,82.5525,88296.0,78.347,78.9389,21756130.0,67.5373,75.0761,73.4873,1513806135.0,2.663
601233.XSHG,2021-09-03,86.1973,69747.0,76.6337,78.752,18193552.8571,70.5279,77.9109,76.1975,1267487817.0,2.2269
601233.XSHG,2021-09-06,84.297,55658.0,76.7894,77.5059,14937661.7857,68.9703,76.6025,74.64,1023093597.0,1.8284
601233.XSHG,2021-09-07,84.484,85626.0,80.7457,82.2722,24758647.1429,69.1261,76.6337,76.3845,1781442274.0,3.0305
601233.XSHG,2021-09-08,88.8141,90279.0,83.7363,85.2939,23132526.4286,72.6774,81.2442,81.2442,1735812958.0,2.8315
601233.XSHG,2021-09-09,92.1162,60201.0,83.6429,84.4216,14676317.5,75.3564,84.0478,82.241,1099575239.0,1.7964
601233.XSHG,2021-09-10,92.0227,70053.0,82.1787,85.3562,14417995.7143,75.2941,83.0821,81.2442,1073511569.0,1.7648
601233.XSHG,2021-09-13,90.4028,64449.0,85.0758,85.6054,16864353.2143,73.9546,82.1787,81.8672,1278199679.0,2.0642
601233.XSHG,2021-09-14,93.5803,78064.0,84.4216,86.54,17596743.5714,76.5714,85.512,83.4248,1344414961.0,2.1539
601233.XSHG,2021-09-15,92.8638,74631.0,84.484,87.7238,18312427.5,75.9795,83.3936,83.3625,1404541509.0,2.2415
601233.XSHG,2021-09-16,92.9261,73351.0,83.7363,87.4434,18376545.0,76.0418,85.0758,83.3002,1411014177.0,2.2493
601233.XSHG,2021-09-17,92.1162,73410.0,81.3065,83.7986,15973888.2143,75.3564,83.3313,79.0012,1167295270.0,1.9552
601233.XSHG,2021-09-22,89.4371,72866.0,78.347,80.3719,15606997.1429,73.1758,79.562,77.2879,1100670541.0,1.9103
601233.XSHG,2021-09-23,86.1973,85730.0,77.8798,81.0572,18412810.0,70.5279,78.8455,77.3502,1302889795.0,2.2538
601233.XSHG,2021-09-24,85.6677,66607.0,75.5122,78.8143,15071668.2143,70.0918,77.8798,75.1384,1037432225.0,1.8448
601233.XSHG,2021-09-27,83.051,85299.0,72.1478,76.1664,18260579.2857,67.9734,75.6991,70.746,1197814527.0,2.2351
601233.XSHG,2021-09-28,79.375,62003.0,71.1509,72.6774,11194817.1429,64.9206,72.1478,70.341,717812505.0,1.3703
601233.XSHG,2021-09-29,78.2536,80443.0,68.285,70.8706,19743065.3571,64.0483,70.8706,67.1946,1215785774.0,2.4166
601233.XSHG,2021-09-30,75.1072,62555.0,68.3473,69.3441,15645320.7143,61.4627,68.5342,67.257,959755780.0,1.915
601233.XSHG,2021-10-08,75.1695,60050.0,68.7211,69.6245,14054841.4286,61.525,69.4064,67.4127,862252557.0,1.7204
601233.XSHG,2021-10-11,75.6057,71861.0,69.8737,71.3379,17967166.7857,61.8365,69.4687,68.8145,1124691107.0,2.1992
601233.XSHG,2021-10-12,76.8517,67645.0,67.88,69.531,18480127.8571,62.8957,69.1572,65.9174,1119257333.0,2.262
601233.XSHG,2021-10-13,74.6711,47540.0,68.2227,68.3784,11960644.6429,61.0889,67.2258,66.7585,728216952.0,1.464
601233.XSHG,2021-10-14,75.0449,35776.0,68.1915,69.0015,8757601.7857,61.4004,68.1604,67.4127,536257999.0,1.072
601233.XSHG,2021-10-15,75.0138,84065.0,66.4782,68.0981,17737125.7143,61.3692,67.88,65.5436,1058831228.0,2.1711
601233.XSHG,2021-10-18,73.1135,65663.0,67.9423,68.285,12933029.6429,59.8428,66.0109,65.7617,784424379.0,1.583
601233.XSHG,2021-10-19,74.7334,42432.0,67.4439,67.9423,9334254.2857,61.1512,67.6308,66.9766,565128040.0,1.1425
601233.XSHG,2021-10-20,74.2038,37267.0,66.8831,67.2881,7863528.5714,60.7151,67.0077,66.2289,471813179.0,0.9625
601233.XSHG,2021-10-21,73.5808,42609.0,67.8488,68.3161,10295680.3571,60.1855,66.852,66.8208,625030553.0,1.2602
601233.XSHG,2021-10-22,74.64,66154.0,65.2632,67.5685,15022170.0,61.0577,67.5685,64.796,891937487.0,1.8388
601233.XSHG,2021-10-25,71.8051,43181.0,65.3567,65.8863,7933051.0714,58.7525,65.1075,64.5156,465226252.0,0.971
601233.XSHG,2021-10-26,71.8986,61217.0,65.1698,68.0981,17002942.8571,58.8148,66.1978,64.7336,1013091402.0,2.0812
601233.XSHG,2021-10-27,71.6805,71567.0,63.4876,65.2632,19958949.6429,58.659,64.9517,61.6496,1133263528.0,2.443
601233.XSHG,2021-10-28,69.8426,72237.0,62.2103,63.5499,16532653.2143,57.1326,63.1449,60.5593,915267536.0,2.0236
601233.XSHG,2021-10-29,68.4407,49684.0,62.1169,62.5842,11663090.7143,55.98,62.2103,60.9331,647119494.0,1.4276
601233.XSHG,2021-11-01,68.3161,87247.0,65.1698,66.7897,19821924.2857,55.9177,62.9891,62.1792,1147878169.0,2.4263
601233.XSHG,2021-11-02,71.6805,78201.0,63.363,65.2009,20403477.8571,58.659,65.0452,62.3038,1164770179.0,2.4974
601233.XSHG,2021-11-03,69.6868,40680.0,63.4564,63.7056,8865116.4286,57.0391,63.2695,62.3038,503789788.0,1.0851
601233.XSHG,2021-11-04,69.8114,33547.0,63.2384,63.7368,7643336.7857,57.1014,63.4876,62.6465,433337071.0,0.9356
601233.XSHG,2021-11-05,69.5622,71125.0,58.8771,63.0514,23248790.3571,56.9145,63.0514,58.7836,1262558865.0,2.8457
601233.XSHG,2021-11-08,64.7648,63977.0,61.3692,61.8365,16207236.7857,52.9894,59.1263,58.9082,884063400.0,1.9838
601233.XSHG,2021-11-09,67.5062,44817.0,61.5873,62.0546,9762780.3571,55.2323,61.2135,60.7462,538298937.0,1.195
601233.XSHG,2021-11-10,67.7554,38004.0,61.12,61.5873,8436172.8571,55.4192,61.3069,59.6559,458526309.0,1.0326
601233.XSHG,2021-11-11,67.2258,32624.0,61.6808,61.7742,6916035.7143,55.0143,60.7462,60.4658,381341154.0,0.8465
601233.XSHG,2021-11-12,67.8488,36420.0,61.7742,62.2415,9248317.5,55.5127,61.6808,60.8085,511375609.0,1.132
601233.XSHG,2021-11-15,67.9423,32568.0,60.9643,61.8054,7653140.0,55.6061,61.7431,60.497,419633874.0,0.9368
601233.XSHG,2021-11-16,67.07,40759.0,59.5624,61.3069,9511831.0714,54.8585,61.3069,59.469,513814582.0,1.1643
601233.XSHG,2021-11-17,65.5124,31363.0,60.7462,61.525,8102185.0,53.6124,59.5936,59.3132,440818733.0,0.9917
601233.XSHG,2021-11-18,66.8208,35602.0,59.7805,61.525,8222542.8571,54.6716,60.4347,59.7493,446356182.0,1.0065
601233.XSHG,2021-11-19,65.7617,44015.0,61.525,61.6808,11794996.7857,53.7993,59.5624,59.1886,645450264.0,1.4437
601233.XSHG,2021-11-22,67.6931,64882.0,63.0826,65.014,19864950.3571,55.3881,61.3069,61.0889,1132089802.0,2.4315
601233.XSHG,2021-11-23,69.4064,36625.0,63.1137,63.7056,9002436.4286,56.7899,63.0514,62.0857,510685420.0,1.1019
601233.XSHG,2021-11-24,69.4376,28554.0,62.5219,63.1137,7552623.9286,56.7899,63.0826,62.1169,424396255.0,0.9245
601233.XSHG,2021-11-25,68.7834,24823.0,62.8957,63.0514,6573788.9286,56.2603,62.553,62.0857,369860074.0,0.8046
601233.XSHG,2021-11-26,69.1884,29121.0,63.1761,64.0172,8287547.8571,56.603,62.8022,62.3038,471135144.0,1.0144
601233.XSHG,2021-11-29,69.4999,39614.0,61.4627,62.2103,11816556.4286,56.8522,61.93,60.7774,651619655.0,1.4464
601233.XSHG,2021-11-30,67.5996,53079.0,61.4939,63.8925,16574969.2857,55.3258,61.4315,61.0577,926938378.0,2.0288
601233.XSHG,2021-12-01,67.6308,51114.0,62.7088,62.7711,12026925.7143,55.3569,61.2758,60.902,668804704.0,1.4721
601233.XSHG,2021-12-02,68.9703,61681.0,63.7056,64.4844,16197572.1429,56.4472,62.7399,62.2415,926325414.0,1.9826
601233.XSHG,2021-12-03,70.0918,39592.0,63.6745,64.2664,9078160.3571,57.3506,63.7368,63.0514,518474151.0,1.1112
601233.XSHG,2021-12-06,70.0295,68356.0,65.2944,67.1012,23800041.7857,57.3195,63.7679,63.6122,1404676679.0,2.9132
601233.XSHG,2021-12-07,71.8363,56292.0,66.2912,66.5093,14609029.6429,58.7525,66.0109,64.9206,865566339.0,1.7882
601233.XSHG,2021-12-08,72.9266,43211.0,66.7274,66.8831,11535796.4286,59.6559,66.3847,65.7305,688461026.0,1.412
601233.XSHG,2021-12-09,73.3939,42557.0,66.1043,66.9143,11950269.6429,60.0609,66.5405,65.8863,712454971.0,1.4627
601233.XSHG,2021-12-10,72.7085,48447.0,66.9766,67.9734,13991773.9286,59.5001,66.5093,66.0732,843831885.0,1.7126
601233.XSHG,2021-12-13,73.6742,64752.0,69.1572,69.936,19931243.9286,60.2789,67.257,67.257,1239843757.0,2.4396
601233.XSHG,2021-12-14,76.0729,56134.0,66.7274,68.8145,16124196.4286,62.2415,68.7522,66.2601,977043060.0,1.9736
601233.XSHG,2021-12-15,73.3939,40817.0,65.6371,67.1946,10269715.7143,60.0609,66.7585,65.2632,609443774.0,1.257
601233.XSHG,2021-12-16,72.2101,28398.0,66.8208,66.8208,6432445.7143,59.064,65.9797,65.4813,382826462.0,0.7873
601233.XSHG,2021-12-17,73.5185,27204.0,65.8863,67.0389,6425031.7857,60.1543,66.3847,65.5747,381157476.0,0.7864
601233.XSHG,2021-12-20,72.4905,34027.0,63.986,66.3224,8591320.7143,59.3132,65.3255,63.8302,499010205.0,1.0516
601233.XSHG,2021-12-21,70.3721,31791.0,64.8894,65.5747,5366989.2857,57.5999,63.8614,63.8614,311793655.0,0.6569
601233.XSHG,2021-12-22,71.369,41062.0,64.2352,65.6059,8410821.0714,58.4098,65.2009,63.6122,485603936.0,1.0295
601233.XSHG,2021-12-23,70.6525,27222.0,64.796,65.1075,6723044.2857,57.8179,64.2041,63.9237,390053790.0,0.8229
601233.XSHG,2021-12-24,71.2755,31324.0,63.3941,65.4813,7280012.1429,58.3164,65.1698,63.2072,418431244.0,0.8911
601233.XSHG,2021-12-27,69.7491,23269.0,64.3598,64.796,5816781.0714,57.0703,63.3941,63.1449,334140196.0,0.712
601233.XSHG,2021-12-28,70.8083,35140.0,64.7336,64.8271,9078368.5714,57.9114,64.3598,63.1761,522324704.0,1.1112
601233.XSHG,2021-12-29,71.2132,49373.0,65.9486,66.5716,12608478.9286,58.2541,64.4533,64.3287,744016295.0,1.5433
601233.XSHG,2021-12-30,72.5528,38348.0,66.1043,66.4159,7856163.9286,59.3444,66.3224,65.3255,465753764.0,0.9616
601233.XSHG,2021-12-31,72.7085,33974.0,65.9797,66.1978,7750070.7143,59.5001,65.9797,65.2009,457493931.0,0.9486
601233.XSHG,2022-01-04,72.5839,45439.0,64.7336,66.2912,12537412.1429,59.3755,66.2912,63.9237,729877060.0,1.5346
601233.XSHG,2022-01-05,71.2132,65784.0,66.3847,68.3161,21510995.0,58.2541,64.7025,64.3287,1294885072.0,2.633
601233.XSHG,2022-01-06,73.0201,65531.0,67.6931,68.9392,18693950.7143,59.7493,66.9766,66.6028,1143242024.0,2.2882
601233.XSHG,2022-01-07,74.453,48608.0,67.3816,69.1572,15777419.6429,60.9331,67.9734,67.2258,966513012.0,1.9312
601233.XSHG,2022-01-10,74.1104,44546.0,68.6588,69.4064,14273628.9286,60.6527,67.07,66.9454,880806849.0,1.7471
601233.XSHG,2022-01-11,75.5122,38164.0,68.8457,69.6868,13996076.4286,61.8054,68.8769,68.4407,867044331.0,1.7132
601233.XSHG,2022-01-12,75.7303,39723.0,68.8769,69.718,10021381.0714,61.9611,69.4687,68.4407,620146714.0,1.2266
601233.XSHG,2022-01-13,75.7614,79217.0,68.9392,71.2444,20440680.3571,61.9923,69.1261,68.6276,1288013553.0,2.502
601233.XSHG,2022-01-14,75.8237,50449.0,66.852,68.8457,14896611.0714,62.0546,68.8457,66.5093,896997037.0,1.8234
601233.XSHG,2022-01-17,73.5496,39799.0,67.0389,67.5062,12417744.2857,60.1543,66.5716,66.1978,746423846.0,1.52
601233.XSHG,2022-01-18,73.7365,49680.0,69.1261,69.9983,15871767.1429,60.3412,66.9454,66.8208,982810872.0,1.9427
601233.XSHG,2022-01-19,76.0418,43669.0,69.1572,70.4967,11095880.0,62.2103,68.7211,68.5342,693913370.0,1.3582
601233.XSHG,2022-01-20,76.0729,31674.0,68.4096,69.4376,7866941.0714,62.2415,69.1572,68.3784,486731698.0,0.9629
601233.XSHG,2022-01-21,75.263,31570.0,67.257,68.3784,8814044.6429,61.5562,68.2227,66.6651,532975676.0,1.0789
601233.XSHG,2022-01-24,73.9858,34074.0,69.1572,69.9049,9400323.5714,60.5281,67.0077,66.042,575437380.0,1.1506
601233.XSHG,2022-01-25,76.0729,37015.0,66.5405,68.8457,9628286.4286,62.2415,68.4719,66.5093,583963414.0,1.1785
601233.XSHG,2022-01-26,73.207,28319.0,65.7617,67.1946,6782250.0,59.874,66.6028,65.2321,402135434.0,0.8302
601233.XSHG,2022-01-27,72.3347,25403.0,64.4221,66.7585,7893743.5714,59.1886,65.7617,63.8925,462031819.0,0.9662
601233.XSHG,2022-01-28,70.8706,28599.0,64.391,65.5747,6999591.0714,57.9737,64.6402,63.1137,405925907.0,0.8568
601233.XSHG,2022-02-07,70.8394,36026.0,66.6028,67.475,9274149.6429,57.9425,65.419,65.419,553092795.0,1.1352
601233.XSHG,2022-02-08,73.2693,51978.0,68.9392,70.341,14123286.7857,59.9363,66.6339,66.1978,869483869.0,1.7287
601233.XSHG,2022-02-09,75.8237,35946.0,69.1572,69.531,8966959.2857,62.0546,68.5342,68.3473,555834843.0,1.0976
601233.XSHG,2022-02-10,76.0729,57704.0,71.4625,71.5871,18195834.6429,62.2415,69.1884,68.6588,1157119145.0,2.2272
601233.XSHG,2022-02-11,78.5962,60604.0,70.3721,72.8331,16066049.2857,64.3287,71.1509,70.0918,1031720816.0,1.9665
601233.XSHG,2022-02-14,77.4125,44051.0,69.718,71.0263,10669762.8571,63.3318,70.0918,69.1884,670680182.0,1.306
601233.XSHG,2022-02-15,76.696,33784.0,69.531,69.9049,8913066.7857,62.7399,69.4999,68.6276,554674272.0,1.091
601233.XSHG,2022-02-16,76.4779,40575.0,69.5622,71.3067,10636587.5,62.5842,69.6556,69.313,671050422.0,1.3019
601233.XSHG,2022-02-17,76.5091,30391.0,69.1884,69.8737,7203707.1429,62.6153,69.4687,68.908,448526317.0,0.8818
601233.XSHG,2022-02-18,76.1041,51755.0,72.4282,72.4593,15246246.4286,62.2726,69.6868,68.7522,973845684.0,1.8662
601233.XSHG,2022-02-21,79.6866,52534.0,72.2413,74.1415,15077094.6429,65.2009,72.6151,71.3379,982917572.0,1.8455
601233.XSHG,2022-02-22,79.4685,35913.0,70.4033,72.4593,8733377.5,65.014,71.6494,70.1229,557748949.0,1.069
601233.XSHG,2022-02-23,77.4436,42067.0,69.7491,71.4936,10598787.8571,63.363,70.9017,69.2507,665361998.0,1.2973
601233.XSHG,2022-02-24,76.7271,47847.0,68.8769,70.2787,13333283.2143,62.7711,69.7803,67.7865,829014131.0,1.632
601233.XSHG,2022-02-25,75.7614,37159.0,69.4376,70.0295,8527687.1429,61.9923,69.6245,68.503,531255676.0,1.0438
601233.XSHG,2022-02-28,76.3845,33704.0,68.1604,69.718,9789574.6429,62.4907,69.313,67.7242,600887422.0,1.1983
601233.XSHG,2022-03-01,74.9826,40144.0,67.2881,68.7834,11191273.5714,61.3381,68.3161,66.5716,677810309.0,1.3698
601233.XSHG,2022-03-02,74.0169,82082.0,63.1761,67.2258,25423339.2857,60.5593,67.2258,62.4284,1465811773.0,3.1119
601233.XSHG,2022-03-03,69.4999,52834.0,61.4939,62.8645,17167493.9286,56.8522,62.4596,61.1823,952711455.0,2.1013
601233.XSHG,2022-03-04,67.6308,43686.0,60.2478,61.8677,14130693.5714,55.3569,61.5873,59.9674,773179847.0,1.7296
