order_book_id,date,limit_up,num_trades,close,high,volume,limit_down,open,low,total_turnover,turnover_rate
603212.XSHG,2020-04-30,15.06,362.0,15.06,15.06,272484.0,6.69,15.06,15.06,4103609.0,0.681
603212.XSHG,2020-05-06,16.57,234.0,16.57,16.57,169419.0,13.55,16.57,16.57,2807273.0,0.4234
603212.XSHG,2020-05-07,18.23,104.0,18.23,18.23,60915.0,14.91,18.23,18.23,1110480.0,0.1522
603212.XSHG,2020-05-08,20.05,263.0,20.05,20.05,167240.0,16.41,20.05,20.05,3353162.0,0.418
603212.XSHG,2020-05-11,22.06,1011.0,22.06,22.06,638980.0,18.05,22.06,22.06,14095899.0,1.5971
603212.XSHG,2020-05-12,24.27,2234.0,24.27,24.27,1505985.0,19.85,24.27,24.27,36550256.0,3.764
603212.XSHG,2020-05-13,26.7,603.0,26.7,26.7,358845.0,21.84,26.7,26.7,9581162.0,0.8969
603212.XSHG,2020-05-14,29.37,42020.0,29.37,29.37,23154708.0,24.03,29.37,26.96,671958424.0,57.8723
603212.XSHG,2020-05-15,32.31,65460.0,31.51,32.0,29971499.0,26.43,29.5,27.8,920339679.0,74.91
603212.XSHG,2020-05-18,34.66,50202.0,28.8,30.88,21196445.0,28.36,30.0,28.76,629881160.0,52.9779
603212.XSHG,2020-05-19,31.68,35256.0,29.97,30.5,17126343.0,25.92,28.42,28.12,507763572.0,42.8052
603212.XSHG,2020-05-20,32.97,47646.0,32.19,32.97,23922237.0,26.97,29.41,28.82,752146108.0,59.7906
603212.XSHG,2020-05-21,35.41,38390.0,30.76,31.58,18143301.0,28.97,31.03,29.05,553366410.0,45.3469
603212.XSHG,2020-05-22,33.84,25167.0,28.71,30.55,12151708.0,27.68,30.4,28.47,357978817.0,30.3717
603212.XSHG,2020-05-25,31.58,24562.0,26.2,28.15,12808280.0,25.84,28.0,25.84,340185737.0,32.0127
603212.XSHG,2020-05-26,28.82,16405.0,26.32,26.73,9622549.0,23.58,26.4,25.85,253463167.0,24.0504
603212.XSHG,2020-05-27,28.95,20109.0,27.05,27.45,10936610.0,23.69,26.31,26.07,294176568.0,27.3347
603212.XSHG,2020-05-28,29.76,21970.0,24.9,26.68,11403468.0,24.35,26.45,24.56,288004419.0,28.5015
603212.XSHG,2020-05-29,27.39,15463.0,24.29,25.18,8298574.0,22.41,25.18,24.02,203582168.0,20.7412
603212.XSHG,2020-06-01,26.72,14185.0,25.01,25.34,8218885.0,21.86,24.49,23.97,203760146.0,20.5421
603212.XSHG,2020-06-02,27.51,22442.0,26.26,27.26,12652877.0,22.51,24.98,24.85,327679621.0,31.6243
603212.XSHG,2020-06-03,28.89,15987.0,25.51,26.23,8922763.0,23.63,26.0,25.32,229195237.0,22.3013
603212.XSHG,2020-06-04,28.06,16424.0,25.97,27.39,8785106.0,22.96,25.41,25.41,231218644.0,21.9573
603212.XSHG,2020-06-05,28.57,13564.0,25.06,25.99,7582200.0,23.37,25.95,24.68,190059943.0,18.9508
603212.XSHG,2020-06-08,27.57,17368.0,26.47,27.0,10203495.0,22.55,25.27,24.88,264248827.0,25.5024
603212.XSHG,2020-06-09,29.12,23488.0,27.37,27.95,14015614.0,23.82,26.29,26.09,382961895.0,35.0303
603212.XSHG,2020-06-10,30.11,15866.0,27.5,27.5,8912375.0,24.63,27.0,26.5,240704244.0,22.2754
603212.XSHG,2020-06-11,30.25,22492.0,27.04,28.5,12281801.0,24.75,28.0,26.52,339465737.0,30.6968
603212.XSHG,2020-06-12,29.74,16547.0,26.54,26.95,9321328.0,24.34,25.66,25.01,243141486.0,23.2975
603212.XSHG,2020-06-15,29.19,14888.0,25.2,26.38,8180870.0,23.89,26.2,25.2,210808872.0,20.4471
603212.XSHG,2020-06-16,27.72,8622.0,25.75,25.83,5067518.0,22.68,25.45,25.21,129706949.0,12.6656
603212.XSHG,2020-06-17,28.33,11020.0,25.14,25.98,5883279.0,23.18,25.87,24.86,148793382.0,14.7045
603212.XSHG,2020-06-18,27.65,6494.0,25.38,25.48,4053539.0,22.63,25.26,24.88,102321572.0,10.1313
603212.XSHG,2020-06-19,27.92,8497.0,25.7,25.9,5255686.0,22.84,25.44,25.23,134755310.0,13.1359
603212.XSHG,2020-06-22,28.27,8818.0,25.31,25.8,4798939.0,23.13,25.65,25.04,121911373.0,11.9943
603212.XSHG,2020-06-23,27.84,8272.0,24.83,25.46,4554466.0,22.78,25.19,24.78,114270978.0,11.3833
603212.XSHG,2020-06-24,27.31,9926.0,25.16,25.19,5373930.0,22.35,24.71,24.16,132109324.0,13.4315
603212.XSHG,2020-06-29,27.68,15024.0,25.75,26.49,9361879.0,22.64,25.41,25.41,243074034.0,23.3988
603212.XSHG,2020-06-30,28.33,15960.0,26.51,27.4,9383817.0,23.18,25.55,25.26,246471485.0,23.4537
603212.XSHG,2020-07-01,29.16,14398.0,25.98,27.44,8280169.0,23.86,27.12,25.8,219221158.0,20.6952
603212.XSHG,2020-07-02,28.58,13049.0,26.4,26.8,7631262.0,23.38,25.96,25.3,198812381.0,19.0734
603212.XSHG,2020-07-03,29.04,24281.0,28.16,29.0,14586170.0,23.76,26.71,26.55,403206791.0,36.4563
603212.XSHG,2020-07-06,30.98,21913.0,28.9,29.18,13482064.0,25.34,27.82,27.47,382608804.0,33.6967
603212.XSHG,2020-07-07,31.79,23620.0,28.54,30.49,14328658.0,26.01,29.09,28.51,420414297.0,35.8127
603212.XSHG,2020-07-08,31.39,15224.0,28.8,29.21,9402793.0,25.69,28.28,28.06,269028671.0,23.5011
603212.XSHG,2020-07-09,31.68,21041.0,30.82,31.29,13501666.0,25.92,29.07,28.7,401525252.0,33.7457
603212.XSHG,2020-07-10,33.9,22343.0,31.86,32.8,14284275.0,27.74,30.17,29.7,447199450.0,35.7018
603212.XSHG,2020-07-13,35.05,16243.0,31.96,32.86,9327083.0,28.67,31.3,31.21,299239167.0,23.3119
603212.XSHG,2020-07-14,35.16,17087.0,29.5,31.7,10524403.0,28.76,31.7,29.5,319911105.0,26.3044
603212.XSHG,2020-07-15,32.45,11184.0,28.38,29.8,6912343.0,26.55,29.59,28.08,197981567.0,17.2765
603212.XSHG,2020-07-16,31.22,9234.0,26.5,28.87,5167991.0,25.54,28.34,26.4,144121058.0,12.9167
603212.XSHG,2020-07-17,29.15,6668.0,26.97,27.1,3958015.0,23.85,26.53,25.82,105005969.0,9.8926
603212.XSHG,2020-07-20,29.6651,6797.0,28.0421,28.1723,4222680.0,24.2751,27.0502,26.8198,116512318.0,10.5541
603212.XSHG,2020-07-21,30.8473,5620.0,27.8317,28.2224,3222868.0,25.2369,27.8317,27.2506,89196835.0,8.0552
603212.XSHG,2020-07-22,30.6168,5289.0,27.5011,27.9519,3413689.0,25.0465,27.3508,27.3007,94181918.0,8.5321
603212.XSHG,2020-07-23,30.2562,6653.0,27.7615,28.1422,3824370.0,24.756,27.491,26.7497,104992854.0,9.5585
603212.XSHG,2020-07-24,30.5367,7132.0,25.848,27.6213,3743851.0,24.9864,27.0703,25.848,99864294.0,9.3573
603212.XSHG,2020-07-27,28.4328,5270.0,26.6795,26.7396,3046157.0,23.2632,25.7779,25.4472,79972872.0,7.6135
603212.XSHG,2020-07-28,29.3445,3495.0,26.5393,26.92,1957445.0,24.0146,26.6595,26.3088,52019572.0,4.8924
603212.XSHG,2020-07-29,29.1942,4369.0,27.2005,27.3007,2585940.0,23.8843,26.399,26.3489,69657353.0,6.4632
603212.XSHG,2020-07-30,29.9256,5211.0,27.4309,27.6113,3011916.0,24.4855,27.2005,26.8398,81786660.0,7.5279
603212.XSHG,2020-07-31,30.176,9827.0,28.4628,28.8035,5362003.0,24.6858,27.4209,26.93,149940614.0,13.4017
603212.XSHG,2020-08-03,31.3081,10900.0,31.3081,31.3081,6844208.0,25.6176,28.2725,28.2625,201557831.0,17.1062
603212.XSHG,2020-08-04,34.4439,14853.0,34.4439,34.4439,10237151.0,28.1823,32.0595,31.3181,341158811.0,25.5865
603212.XSHG,2020-08-05,37.8903,41906.0,37.8903,37.8903,22464001.0,30.9975,37.0688,35.4759,835238878.0,56.146
603212.XSHG,2020-08-06,41.6774,43882.0,39.874,41.5772,21541006.0,34.1033,35.0651,35.0651,831723313.0,53.8391
603212.XSHG,2020-08-07,43.8614,24967.0,35.8866,39.2529,10854669.0,35.8866,38.2711,35.8866,401906655.0,27.1299
603212.XSHG,2020-08-10,39.4733,29781.0,34.7144,39.0525,15806761.0,32.3,34.6443,32.3,542894006.0,39.507
603212.XSHG,2020-08-11,38.1909,20848.0,31.7389,33.8629,10659556.0,31.248,33.2117,31.3883,348337539.0,26.6422
603212.XSHG,2020-08-12,34.9148,17637.0,29.8354,31.3382,9161597.0,28.563,31.238,29.5649,276504661.0,22.8983
603212.XSHG,2020-08-13,32.8209,10717.0,30.0458,30.6369,5647194.0,26.8498,29.9055,29.9055,170284590.0,14.1145
603212.XSHG,2020-08-14,33.0514,11526.0,29.6951,29.8654,5079788.0,27.0402,29.8654,28.9437,149044525.0,12.6963
603212.XSHG,2020-08-17,32.6606,15334.0,31.4484,31.5886,6917443.0,26.7296,30.0358,29.8454,212203559.0,17.2893
603212.XSHG,2020-08-18,34.5942,10415.0,31.3783,31.6287,4969787.0,28.3025,31.4484,30.8573,154463409.0,12.4214
603212.XSHG,2020-08-19,34.5141,13285.0,31.1078,32.5404,6750520.0,28.2424,31.5686,31.1078,214933180.0,16.8721
603212.XSHG,2020-08-20,34.2235,13795.0,32.0194,32.0495,6499801.0,28.002,30.0558,29.5649,201655766.0,16.2454
603212.XSHG,2020-08-21,35.2254,10817.0,31.5686,32.4903,5515735.0,28.8135,31.5586,31.3282,175241842.0,13.7859
603212.XSHG,2020-08-24,34.7245,8866.0,30.2562,31.2781,4216100.0,28.4127,31.2781,30.0558,128302289.0,10.5376
603212.XSHG,2020-08-25,33.2818,10160.0,29.2443,30.6168,4926674.0,27.2306,30.4365,29.0439,145445504.0,12.3136
603212.XSHG,2020-08-26,32.1697,6401.0,29.2142,29.8955,3456213.0,26.3189,29.0339,28.8335,101346860.0,8.6384
603212.XSHG,2020-08-27,32.1397,5253.0,29.6951,29.8855,2570659.0,26.2888,29.2643,29.2543,75940634.0,6.425
603212.XSHG,2020-08-28,32.6606,5524.0,29.9757,30.5066,2703914.0,26.7296,29.8454,29.6651,81199770.0,6.7581
603212.XSHG,2020-08-31,32.9712,9208.0,31.238,31.9794,5335332.0,26.9801,30.5567,30.2962,165912605.0,13.335
603212.XSHG,2020-09-01,34.3638,16744.0,34.3638,34.3638,9326622.0,28.1122,31.3582,30.7771,309749641.0,23.3107
603212.XSHG,2020-09-02,37.8002,22024.0,33.8028,36.3074,11351232.0,30.9274,34.9449,33.392,392399002.0,28.371
603212.XSHG,2020-09-03,37.179,13604.0,33.933,35.2655,6244000.0,30.4265,34.7645,33.5323,212060236.0,15.6061
603212.XSHG,2020-09-04,37.3293,10949.0,32.841,33.3118,4910185.0,30.5367,32.1397,31.759,159325225.0,12.2724
603212.XSHG,2020-09-07,36.1271,8610.0,31.3282,32.6606,4020620.0,29.5549,32.2399,31.2981,128051192.0,10.049
603212.XSHG,2020-09-08,34.464,5109.0,31.7289,31.9593,2333840.0,28.1923,31.4484,30.9575,73364960.0,5.8331
603212.XSHG,2020-09-09,34.9048,6963.0,29.7152,31.0577,3498450.0,28.553,31.0577,29.6551,105377562.0,8.7439
603212.XSHG,2020-09-10,32.6907,4325.0,29.2543,30.4165,2105891.0,26.7396,30.0358,29.1141,62843646.0,5.2634
603212.XSHG,2020-09-11,32.1797,6932.0,30.2662,30.3363,2937270.0,26.3289,28.9838,27.5512,84790053.0,7.3413
603212.XSHG,2020-09-14,33.2918,7622.0,31.3582,31.5486,3086870.0,27.2406,30.2662,30.0558,95545486.0,7.7152
603212.XSHG,2020-09-15,34.494,5338.0,30.5066,31.5486,2152395.0,28.2224,31.5486,30.4165,65845696.0,5.3796
603212.XSHG,2020-09-16,33.5623,4094.0,29.8354,30.7371,1629615.0,27.461,30.4565,29.6651,48777705.0,4.073
603212.XSHG,2020-09-17,32.8209,6592.0,31.0977,31.3382,2864070.0,26.8498,29.8955,29.2643,87137094.0,7.1584
603212.XSHG,2020-09-18,34.2035,5216.0,30.677,31.9493,2246860.0,27.992,31.0777,30.3564,69375176.0,5.6157
603212.XSHG,2020-09-21,33.7426,2955.0,30.7571,31.1478,1180405.0,27.6113,30.9575,30.3564,36219806.0,2.9503
603212.XSHG,2020-09-22,33.8328,4065.0,29.5649,30.6068,1564400.0,27.6814,30.6068,29.5549,46763147.0,3.91
603212.XSHG,2020-09-23,32.5204,3568.0,30.2061,30.2562,1361740.0,26.6094,29.5749,29.5749,40731639.0,3.4035
603212.XSHG,2020-09-24,33.2317,13506.0,32.1597,32.9011,6217353.0,27.1905,29.8554,29.605,195082795.0,15.5395
603212.XSHG,2020-09-25,35.3757,10541.0,30.1961,32.32,4077640.0,28.9437,32.2899,29.625,125057822.0,10.1916
603212.XSHG,2020-09-28,33.2117,3824.0,29.6551,30.3163,1495461.0,27.1805,29.6651,29.2743,44483399.0,3.7377
603212.XSHG,2020-09-29,32.6206,2892.0,29.8053,30.2161,1279232.0,26.6896,29.7352,29.5649,38031994.0,3.1973
603212.XSHG,2020-09-30,32.7909,3876.0,29.9055,30.3664,1579700.0,26.8298,29.9556,29.5549,47349766.0,3.9483
603212.XSHG,2020-10-09,32.9011,10205.0,31.8792,32.2298,5081630.0,26.92,31.0577,30.6168,160588971.0,12.7009
603212.XSHG,2020-10-12,35.0651,11722.0,33.6625,34.0833,5230792.0,28.6933,32.9311,31.9593,173287115.0,13.0737
603212.XSHG,2020-10-13,37.0287,8180.0,32.881,33.5623,3049230.0,30.2962,33.2117,32.5604,100213628.0,7.6212
603212.XSHG,2020-10-14,36.1671,7719.0,33.1215,33.4421,2727745.0,29.5949,32.9512,32.5705,89759560.0,6.8177
603212.XSHG,2020-10-15,36.4376,7366.0,33.7827,33.8128,3245511.0,29.8053,33.1215,32.4202,107576077.0,8.1117
603212.XSHG,2020-10-16,37.159,4237.0,33.0814,34.1434,1852330.0,30.4065,33.7827,32.9111,61427777.0,4.6297
603212.XSHG,2020-10-19,36.3876,3989.0,32.1096,33.5823,1869100.0,29.7753,33.0013,32.0996,60995717.0,4.6716
603212.XSHG,2020-10-20,35.3256,4005.0,33.2217,33.3018,1838200.0,28.9037,32.6606,32.0595,60008620.0,4.5944
603212.XSHG,2020-10-21,36.5479,4983.0,33.0914,33.6625,1974099.0,29.8955,33.2417,32.9512,65584396.0,4.934
603212.XSHG,2020-10-22,36.3976,4574.0,32.9512,33.3619,1673766.0,29.7853,32.6406,31.9092,54692950.0,4.1834
603212.XSHG,2020-10-23,36.2473,5900.0,31.3783,33.1616,2290366.0,29.6551,32.0595,31.3181,73217334.0,5.7245
603212.XSHG,2020-10-26,34.5141,3980.0,30.9174,31.5386,1487930.0,28.2424,30.9374,30.6369,46057290.0,3.7189
603212.XSHG,2020-10-27,34.0131,12056.0,33.5423,33.5623,4694230.0,27.8217,31.258,31.228,153070539.0,11.7326
603212.XSHG,2020-10-28,36.8985,14718.0,35.2454,35.8666,6664985.0,30.186,33.8028,33.2517,229907267.0,16.6583
603212.XSHG,2020-10-29,38.772,15065.0,36.628,37.73,6518725.0,31.7189,34.7445,33.9831,235751948.0,16.2927
603212.XSHG,2020-10-30,40.2948,10153.0,36.638,37.4696,3478500.0,32.9612,37.3193,35.7965,126638002.0,8.6941
603212.XSHG,2020-11-02,40.3048,12484.0,36.5979,38.4313,4345163.0,32.9712,36.4777,35.8666,160758865.0,10.8602
603212.XSHG,2020-11-03,40.2547,10022.0,35.4158,37.0588,3895316.0,32.9412,36.5479,34.4239,137870803.0,9.7359
603212.XSHG,2020-11-04,38.9623,8607.0,36.1972,37.4095,2991717.0,31.8792,35.546,35.4258,108510910.0,7.4774
603212.XSHG,2020-11-05,39.8139,11455.0,38.0607,38.3512,3839622.0,32.5805,36.7783,36.3976,144249047.0,9.5967
603212.XSHG,2020-11-06,41.8677,10422.0,38.9924,39.4532,3759586.0,34.2536,37.9304,37.4495,145005613.0,9.3966
603212.XSHG,2020-11-09,42.8896,9393.0,38.9924,40.0343,3497145.0,35.0952,39.5234,37.6599,135761523.0,8.7407
603212.XSHG,2020-11-10,42.8896,6801.0,39.6336,39.8239,2560370.0,35.0952,39.0926,38.2711,99954632.0,6.3993
603212.XSHG,2020-11-11,43.6009,11221.0,36.9987,40.9761,4000235.0,35.6662,39.5334,36.5679,152672887.0,9.9981
603212.XSHG,2020-11-12,40.6956,9652.0,36.3274,37.8102,2974340.0,33.3018,37.8102,35.9868,108914372.0,7.434
603212.XSHG,2020-11-13,39.9642,7897.0,35.9367,36.8384,2248355.0,32.6907,36.7983,35.8065,81458548.0,5.6195
603212.XSHG,2020-11-16,39.5334,5941.0,36.3675,36.9085,1806650.0,32.34,36.0269,35.6762,65520747.0,4.5155
603212.XSHG,2020-11-17,40.0043,5686.0,36.7182,36.7582,1512540.0,32.7308,36.3775,35.6863,54653187.0,3.7804
603212.XSHG,2020-11-18,40.395,6343.0,35.9568,37.3694,2011366.0,33.0514,36.3775,35.566,72905502.0,5.0272
603212.XSHG,2020-11-19,39.5534,5938.0,36.067,36.7182,1830000.0,32.3601,35.7864,35.1653,65813013.0,4.5739
603212.XSHG,2020-11-20,39.6737,3845.0,35.5961,36.1671,1171900.0,32.4603,36.067,35.4057,41789253.0,2.929
603212.XSHG,2020-11-23,39.1527,4792.0,35.005,36.3675,1773000.0,32.0395,35.6662,34.9349,63004146.0,4.4314
603212.XSHG,2020-11-24,38.5015,7011.0,34.464,35.2655,2288515.0,31.5085,34.9148,33.8128,78719447.0,5.7199
603212.XSHG,2020-11-25,37.9104,4222.0,34.3337,34.7846,1226900.0,31.0176,34.2736,34.0131,42074622.0,3.0665
603212.XSHG,2020-11-26,37.7701,3443.0,34.2436,34.8547,1016726.0,30.8974,34.1234,34.0833,34898678.0,2.5412
603212.XSHG,2020-11-27,37.6699,4848.0,33.5022,34.464,1767015.0,30.8172,34.464,32.9612,58918063.0,4.4164
603212.XSHG,2020-11-30,36.8484,3443.0,33.2217,33.8428,957071.0,30.156,33.4521,32.9712,31912354.0,2.3921
603212.XSHG,2020-12-01,36.5479,5692.0,35.0651,35.2254,1967226.0,29.8955,33.2618,33.1616,67906733.0,4.9168
603212.XSHG,2020-12-02,38.5716,3205.0,34.8647,35.3556,1004415.0,31.5586,35.0551,34.5742,34976715.0,2.5104
603212.XSHG,2020-12-03,38.3512,3033.0,34.3538,35.2054,1071367.0,31.3783,34.8547,34.1734,36780988.0,2.6777
603212.XSHG,2020-12-04,37.7902,2818.0,34.6644,34.8447,939107.0,30.9174,34.4139,34.1734,32361138.0,2.3472
603212.XSHG,2020-12-07,38.1308,2724.0,34.494,34.7946,856000.0,31.1979,34.6644,33.8629,29299450.0,2.1395
603212.XSHG,2020-12-08,37.9404,6278.0,34.8347,35.7664,2180715.0,31.0476,34.3838,34.3838,76423657.0,5.4504
603212.XSHG,2020-12-09,38.3211,4296.0,33.7727,35.2555,1403740.0,31.3482,35.1753,33.7126,47903785.0,3.5085
603212.XSHG,2020-12-10,37.149,10932.0,36.1171,37.149,4532330.0,30.3964,33.5924,33.2618,162317898.0,11.328
603212.XSHG,2020-12-11,39.7338,9437.0,37.0688,37.0688,3146681.0,32.5104,36.1671,35.6161,114190521.0,7.8647
603212.XSHG,2020-12-14,40.7757,8321.0,36.7683,37.72,3324886.0,33.3619,37.1189,35.9668,122512543.0,8.3101
603212.XSHG,2020-12-15,40.4451,8543.0,38.2711,38.4614,3185847.0,33.0914,37.0287,36.5779,119909309.0,7.9626
603212.XSHG,2020-12-16,42.0982,6187.0,37.5197,38.7319,2378000.0,34.4439,37.5898,37.3694,89888119.0,5.9435
603212.XSHG,2020-12-17,41.2766,6866.0,36.6681,37.2792,2396974.0,33.7727,37.2792,35.4759,86770754.0,5.9909
603212.XSHG,2020-12-18,40.3349,4104.0,36.4577,36.9586,1404615.0,33.0013,36.648,36.107,51144876.0,3.5107
603212.XSHG,2020-12-21,40.1045,8139.0,38.0106,38.7319,2978160.0,32.8109,37.0588,36.6981,113227060.0,7.4435
603212.XSHG,2020-12-22,41.8076,9473.0,36.5579,40.5453,3792229.0,34.2135,38.8621,36.4677,144118504.0,9.4782
603212.XSHG,2020-12-23,40.2147,11927.0,39.7738,40.0744,5694270.0,32.9011,37.0688,37.0688,222234562.0,14.2321
603212.XSHG,2020-12-24,43.7512,9729.0,40.2648,40.7757,3718900.0,35.7965,39.4232,38.7219,147332798.0,9.2949
603212.XSHG,2020-12-25,44.2922,9255.0,41.5271,42.018,4184208.0,36.2373,40.1746,39.0625,170472851.0,10.4579
603212.XSHG,2020-12-28,45.6848,6563.0,40.7857,41.4269,3352267.0,37.3794,41.0763,40.0443,135799450.0,8.3786
603212.XSHG,2020-12-29,44.8633,8387.0,37.5998,40.9761,3801880.0,36.7082,40.9761,37.3393,146088908.0,9.5023
603212.XSHG,2020-12-30,41.3568,8995.0,39.1827,40.0544,2851900.0,33.8428,38.0607,37.0688,110919081.0,7.128
603212.XSHG,2020-12-31,43.1,4771.0,38.9523,39.6536,1584815.0,35.2655,39.1928,38.3712,61665218.0,3.961
603212.XSHG,2021-01-04,42.8496,6691.0,41.2466,41.3568,2358315.0,35.0551,38.8521,38.4714,94628538.0,5.8943
603212.XSHG,2021-01-05,45.3742,5331.0,40.936,41.3267,2095630.0,37.1189,41.2265,40.0043,84996056.0,5.2378
603212.XSHG,2021-01-06,45.0336,5580.0,39.4933,41.3568,1899915.0,36.8384,40.7657,38.9323,74952847.0,4.7486
603212.XSHG,2021-01-07,43.4406,5302.0,39.6236,41.0562,2055327.0,35.546,39.5735,38.9223,82041209.0,5.137
603212.XSHG,2021-01-08,43.5909,8883.0,37.0488,39.5234,3010000.0,35.6662,39.5234,36.4677,112172975.0,7.5231
603212.XSHG,2021-01-11,40.7557,6317.0,36.2373,37.5397,1899648.0,33.3419,36.6581,35.4258,69010823.0,4.7479
603212.XSHG,2021-01-12,39.864,4965.0,36.7883,37.3694,1454920.0,32.6105,36.2273,35.9367,53266402.0,3.6364
603212.XSHG,2021-01-13,40.4651,4432.0,36.0569,37.3493,1380480.0,33.1115,36.7683,35.4458,50110519.0,3.4503
603212.XSHG,2021-01-14,39.6636,5673.0,34.985,35.8766,2364730.0,32.4502,35.8666,33.7627,81746465.0,5.9103
603212.XSHG,2021-01-15,38.4814,3936.0,35.0952,35.4358,1459115.0,31.4885,35.0651,33.8729,50496411.0,3.6469
603212.XSHG,2021-01-18,38.6017,3311.0,35.9367,36.4176,1184200.0,31.5886,34.7946,34.7946,42308607.0,2.9598
603212.XSHG,2021-01-19,39.5334,2898.0,35.2655,36.5679,951900.0,32.34,35.9568,35.2655,33834050.0,2.3792
603212.XSHG,2021-01-20,38.792,4622.0,34.6143,35.6061,2045130.0,31.7389,35.2655,34.1434,70705236.0,5.1115
603212.XSHG,2021-01-21,38.0807,4880.0,35.7764,36.2974,1817404.0,31.1578,35.1653,35.0952,64799742.0,4.5424
603212.XSHG,2021-01-22,39.3531,6478.0,35.9768,36.9185,2592460.0,32.1998,35.3757,35.3456,93219625.0,6.4795
603212.XSHG,2021-01-25,39.5735,5520.0,35.0851,36.3675,2472681.0,32.3801,36.067,34.4439,86678794.0,6.1802
603212.XSHG,2021-01-26,38.5916,6515.0,32.2098,34.5642,2938400.0,31.5786,34.454,32.1998,97392166.0,7.3442
603212.XSHG,2021-01-27,35.4358,7214.0,30.9975,32.5604,2887300.0,28.9938,32.2098,30.0257,88905345.0,7.2164
603212.XSHG,2021-01-28,34.0933,7395.0,29.4447,31.6488,2415085.0,27.9018,31.3582,29.3044,73246492.0,6.0362
603212.XSHG,2021-01-29,32.3901,4422.0,28.8035,29.6551,1579131.0,26.4992,29.5449,28.4729,45597067.0,3.9468
603212.XSHG,2021-02-01,31.6888,2961.0,28.9738,29.4346,983800.0,25.9281,28.6532,28.1523,28435578.0,2.4589
603212.XSHG,2021-02-02,31.8692,4350.0,30.156,30.3263,1706573.0,26.0784,28.9738,28.553,50343915.0,4.2654
603212.XSHG,2021-02-03,33.1716,4429.0,29.1541,30.4065,1277930.0,27.1404,29.9356,28.9538,37928741.0,3.194
603212.XSHG,2021-02-04,32.0695,3296.0,29.8654,30.156,1303000.0,26.2387,28.8636,28.3727,38570637.0,3.2567
603212.XSHG,2021-02-05,32.851,2958.0,28.553,30.0558,990400.0,26.8799,29.3345,28.3627,28760900.0,2.4754
603212.XSHG,2021-02-08,31.4083,5061.0,28.7133,29.0539,1912358.0,25.6977,28.1523,27.0502,53214471.0,4.7797
603212.XSHG,2021-02-09,31.5886,4971.0,28.2925,29.7352,1833143.0,25.838,28.5931,27.9018,52248817.0,4.5817
603212.XSHG,2021-02-10,31.1178,3744.0,28.7834,29.635,1370515.0,25.4673,28.3627,27.8517,39463751.0,3.4254
603212.XSHG,2021-02-18,31.6588,5389.0,30.5968,30.717,1792435.0,25.9081,29.1541,29.0539,53798582.0,4.48
603212.XSHG,2021-02-19,33.6525,2858.0,30.8573,30.9675,968700.0,27.5411,30.5968,29.8955,29504421.0,2.4211
603212.XSHG,2021-02-22,33.943,4727.0,30.697,31.3081,1271616.0,27.7716,30.8773,30.5567,39267440.0,3.1782
603212.XSHG,2021-02-23,33.7627,3619.0,31.3181,32.1998,1359600.0,27.6313,30.5567,30.0658,42619937.0,3.3982
603212.XSHG,2021-02-24,34.454,3509.0,30.4766,31.9293,928800.0,28.1823,31.8591,30.3363,28599469.0,2.3214
603212.XSHG,2021-02-25,33.5222,3110.0,30.5567,31.6087,894700.0,27.4309,30.7671,29.9055,27411018.0,2.2362
603212.XSHG,2021-02-26,33.6124,2825.0,30.3864,31.1578,792100.0,27.5011,30.0558,30.0558,24206252.0,1.9798
603212.XSHG,2021-03-01,33.422,5696.0,32.9812,33.2217,2027293.0,27.3508,30.6068,30.6068,65277156.0,5.067
603212.XSHG,2021-03-02,36.2774,6098.0,32.7608,33.5623,1637100.0,29.6851,32.2298,31.6588,53311078.0,4.0917
603212.XSHG,2021-03-03,36.0369,5624.0,33.6625,33.6825,1433115.0,29.4847,32.7608,32.5705,47609817.0,3.5819
603212.XSHG,2021-03-04,37.0287,4407.0,32.861,34.0632,1022400.0,30.2962,34.0532,32.841,34007439.0,2.5554
603212.XSHG,2021-03-05,36.1471,5464.0,32.4402,33.0413,1590971.0,29.5749,32.0695,31.3983,51295837.0,3.9764
603212.XSHG,2021-03-08,35.6863,6644.0,31.6187,33.5723,1758506.0,29.1942,33.0614,30.8573,56631751.0,4.3952
603212.XSHG,2021-03-09,34.7846,5981.0,30.5066,31.7389,1398500.0,28.4528,31.1679,29.4146,43020379.0,3.4954
603212.XSHG,2021-03-10,33.5623,4087.0,30.0057,31.4985,1030342.0,27.461,30.4866,29.7352,31080704.0,2.5752
603212.XSHG,2021-03-11,33.0113,3015.0,30.3463,30.5567,859023.0,27.0101,30.2462,29.0539,25750673.0,2.147
603212.XSHG,2021-03-12,33.382,3485.0,29.7853,30.707,801252.0,27.3107,30.2862,29.5048,23851541.0,2.0026
603212.XSHG,2021-03-15,32.7608,3704.0,28.7734,29.8654,934023.0,26.8098,29.4146,28.3627,26982017.0,2.3345
603212.XSHG,2021-03-16,31.6488,2268.0,28.8335,29.3645,595057.0,25.8981,28.7734,28.3827,17157559.0,1.4873
603212.XSHG,2021-03-17,31.7189,3941.0,30.0558,30.186,1141497.0,25.9482,28.8335,28.1823,33369194.0,2.853
603212.XSHG,2021-03-18,33.0614,2241.0,29.7051,30.3363,555025.0,27.0502,29.9857,29.7051,16607874.0,1.3872
603212.XSHG,2021-03-19,32.6807,3213.0,30.3964,31.1478,903028.0,26.7396,29.6951,29.4547,27494678.0,2.257
603212.XSHG,2021-03-22,33.4321,4132.0,30.8172,31.9293,1580487.0,27.3608,30.3964,30.3964,49096395.0,3.9502
603212.XSHG,2021-03-23,33.9029,2875.0,30.2862,31.3783,813183.0,27.7315,30.9174,30.1059,24933475.0,2.0324
603212.XSHG,2021-03-24,33.3118,2986.0,30.7972,31.4183,820856.0,27.2606,30.7371,30.2361,25297164.0,2.0516
603212.XSHG,2021-03-25,33.8729,3521.0,31.1578,31.7189,1148326.0,27.7215,30.9374,30.2662,35674426.0,2.8701
603212.XSHG,2021-03-26,34.2736,3041.0,31.2079,31.5586,878695.0,28.0421,31.1578,30.8473,27338625.0,2.1962
603212.XSHG,2021-03-29,34.3337,3237.0,30.0558,31.3181,988400.0,28.0922,31.1578,30.0057,30079963.0,2.4704
603212.XSHG,2021-03-30,33.0614,2643.0,29.8755,30.4265,588558.0,27.0502,30.0358,29.4346,17537472.0,1.471
603212.XSHG,2021-03-31,32.861,1588.0,29.8654,30.1359,400000.0,26.8899,29.8955,29.8654,11954320.0,0.9998
603212.XSHG,2021-04-01,32.851,4154.0,29.8354,30.0358,852900.0,26.8799,29.7653,29.1641,25228870.0,2.1317
603212.XSHG,2021-04-02,32.8209,3092.0,30.4966,30.9475,827406.0,26.8498,29.8154,29.8154,25084081.0,2.068
603212.XSHG,2021-04-06,33.5423,4593.0,31.0777,31.238,1555877.0,27.451,30.3664,29.4046,46875000.0,3.8887
603212.XSHG,2021-04-07,34.1835,2805.0,30.3864,30.9575,845930.0,27.9719,30.727,30.2562,25727735.0,2.1143
603212.XSHG,2021-04-08,33.422,2291.0,29.6651,30.707,850763.0,27.3508,30.4165,29.5649,25421409.0,2.1264
603212.XSHG,2021-04-09,32.6306,3632.0,28.0621,29.7953,1595769.0,26.6996,29.5949,28.0421,45720520.0,3.9884
603212.XSHG,2021-04-12,30.8673,3245.0,27.2506,28.0922,1183129.0,25.2569,28.0521,27.1103,32475498.0,2.9571
603212.XSHG,2021-04-13,29.9757,1834.0,27.6413,27.8617,642300.0,24.5255,27.2406,27.0803,17627525.0,1.6053
603212.XSHG,2021-04-14,30.4065,1861.0,28.2825,28.4328,807958.0,24.8762,27.8517,27.7215,22718852.0,2.0194
603212.XSHG,2021-04-15,31.1078,1125.0,28.1523,28.2925,452100.0,25.4573,27.6513,27.6413,12605472.0,1.13
603212.XSHG,2021-04-16,30.9675,1355.0,28.3526,28.5831,481300.0,25.337,28.012,27.6914,13558349.0,1.2029
603212.XSHG,2021-04-19,31.1879,3873.0,29.3545,29.7252,2018734.0,25.5174,28.3526,28.1523,58512639.0,5.0456
603212.XSHG,2021-04-20,32.2899,5810.0,30.2462,30.9575,2477809.0,26.419,29.0539,29.0539,74670734.0,6.193
603212.XSHG,2021-04-21,33.2718,3522.0,29.5849,30.6168,1197828.0,27.2205,30.156,29.1541,35570048.0,2.9938
603212.XSHG,2021-04-22,32.5404,2303.0,29.8454,29.8454,968276.0,26.6294,29.5849,29.064,28472112.0,2.4201
603212.XSHG,2021-04-23,32.831,2966.0,28.8636,29.5549,1190072.0,26.8599,29.5549,28.553,34415284.0,2.9744
603212.XSHG,2021-04-26,31.7489,4094.0,29.8755,30.0558,1416898.0,25.9782,28.7534,28.4027,41468348.0,3.5414
603212.XSHG,2021-04-27,32.861,3481.0,29.4046,29.8855,1037205.0,26.8899,29.8154,28.5129,30246919.0,2.5924
603212.XSHG,2021-04-28,32.3501,1874.0,29.104,29.625,673458.0,26.4691,29.5248,28.4628,19461128.0,1.6832
603212.XSHG,2021-04-29,32.0142,2602.0,27.5382,28.9131,1142180.0,26.1934,28.8128,27.468,31834516.0,2.8547
603212.XSHG,2021-04-30,30.288,2116.0,27.9898,27.9898,773686.0,24.7884,27.4981,27.2171,21324748.0,1.9337
603212.XSHG,2021-05-06,30.7898,2397.0,28.1002,28.6221,961223.0,25.1899,27.9898,27.2372,26825922.0,2.4025
603212.XSHG,2021-05-07,30.9103,2691.0,27.0164,28.1002,1159210.0,25.2902,28.1002,26.7053,31471736.0,2.8973
603212.XSHG,2021-05-10,29.716,1275.0,27.2673,27.2673,408676.0,24.3167,27.0264,26.1633,10837381.0,1.0214
603212.XSHG,2021-05-11,29.997,2023.0,26.1734,27.0666,1026071.0,24.5375,27.0666,25.9927,26789816.0,0.402
603212.XSHG,2021-05-12,28.7927,5403.0,23.554,25.9124,3027309.0,23.554,24.6379,23.554,71781523.0,1.1861
603212.XSHG,2021-05-13,25.9124,3846.0,22.9519,23.7347,2154876.0,21.1956,23.3633,22.711,50004234.0,0.8442
603212.XSHG,2021-05-14,25.2501,4691.0,22.5504,23.1927,2413053.0,20.6537,23.0823,22.2795,54316546.0,0.9454
603212.XSHG,2021-05-17,24.8085,8080.0,21.7877,22.5906,4268100.0,20.2924,22.3999,21.6171,93221743.0,1.6722
603212.XSHG,2021-05-18,23.9655,6492.0,22.9619,22.9619,3093625.0,19.61,21.7877,21.6472,69009347.0,1.212
603212.XSHG,2021-05-19,25.2601,9299.0,23.4838,23.7347,7009710.0,20.6637,22.9619,22.3096,159059870.0,2.7463
603212.XSHG,2021-05-20,25.8321,5512.0,23.0322,23.6644,2619284.0,21.1354,23.2831,22.6608,60460616.0,1.0262
603212.XSHG,2021-05-21,25.3404,2872.0,23.0924,23.4336,1598391.0,20.734,23.4336,22.7813,36862132.0,0.6262
603212.XSHG,2021-05-24,25.4006,2012.0,23.0823,23.3734,1128721.0,20.7841,22.9117,22.9017,26002207.0,0.4422
603212.XSHG,2021-05-25,25.3906,4384.0,22.7411,23.3433,2740566.0,20.7741,23.3433,22.711,62546878.0,1.0737
603212.XSHG,2021-05-26,25.0192,4827.0,22.6608,23.0522,3010001.0,20.463,22.7411,22.5705,68089019.0,1.1793
603212.XSHG,2021-05-27,24.9289,9583.0,23.8451,23.8651,4309986.0,20.3927,22.6307,22.5304,100775190.0,1.6886
603212.XSHG,2021-05-28,26.2336,14346.0,25.4307,26.1934,5632225.0,21.4565,23.8451,23.6042,142623681.0,2.2066
603212.XSHG,2021-05-31,27.9698,13761.0,27.9397,27.9698,5880073.0,22.8917,25.9526,25.1397,155880956.0,2.3037
603212.XSHG,2021-06-01,30.7296,14135.0,27.0967,27.9397,4769741.0,25.1497,27.5984,26.7956,129097516.0,1.8687
603212.XSHG,2021-06-02,29.8063,6379.0,26.5447,27.5583,2670198.0,24.387,26.8056,26.3239,71026126.0,1.0461
603212.XSHG,2021-06-03,29.2042,5435.0,25.8823,26.906,1962826.0,23.8952,26.3038,25.792,51234662.0,0.769
603212.XSHG,2021-06-04,28.4716,5091.0,26.2436,26.7755,2107178.0,23.2931,25.7418,25.6013,55319538.0,0.8256
603212.XSHG,2021-06-07,28.873,5686.0,26.4845,27.0967,2111200.0,23.6243,26.2737,25.7218,55421167.0,0.8271
603212.XSHG,2021-06-08,29.1339,4045.0,26.4443,26.645,1432501.0,23.835,26.364,25.802,37384458.0,0.5612
603212.XSHG,2021-06-09,29.0938,3643.0,25.8121,26.4142,1092575.0,23.8049,26.1332,25.7418,28235672.0,0.4281
603212.XSHG,2021-06-10,28.3913,8208.0,26.8959,27.5382,3365070.0,23.2329,25.7218,25.7117,90208925.0,1.3184
603212.XSHG,2021-06-11,29.5855,4006.0,26.8357,27.2372,1590806.0,24.2063,26.8959,26.5648,42633557.0,0.6233
603212.XSHG,2021-06-15,29.5153,11537.0,28.3612,28.9131,5509180.0,24.1562,26.8759,25.7719,153290389.0,2.1584
603212.XSHG,2021-06-16,31.2013,6193.0,26.9762,28.2407,2165745.0,25.521,28.1605,26.8157,58920094.0,0.8485
603212.XSHG,2021-06-17,29.6759,3691.0,26.7856,27.3174,1535801.0,24.2766,26.8056,26.4945,41153441.0,0.6017
603212.XSHG,2021-06-18,29.4651,3057.0,26.7856,27.478,1588240.0,24.106,26.9762,26.6049,42674333.0,0.6222
603212.XSHG,2021-06-21,29.4651,8728.0,28.4515,28.9232,4508339.0,24.106,26.7755,26.3139,125984718.0,1.7663
603212.XSHG,2021-06-22,31.3017,5650.0,28.311,29.445,2462167.0,25.6114,29.1038,27.6888,69819325.0,0.9646
603212.XSHG,2021-06-23,31.1411,5183.0,28.3812,29.154,2173762.0,25.4809,28.7425,28.1002,62108327.0,0.8516
603212.XSHG,2021-06-24,31.2214,5327.0,28.7325,29.2443,2772962.0,25.5411,28.4615,28.1203,79772263.0,1.0864
603212.XSHG,2021-06-25,31.6027,3529.0,28.2708,28.8228,1575840.0,25.8623,28.7124,27.9497,44352362.0,0.6174
603212.XSHG,2021-06-28,31.1009,2863.0,28.2508,28.8931,1470700.0,25.4408,28.1404,28.03,41538580.0,0.5762
603212.XSHG,2021-06-29,31.0809,9149.0,29.4551,30.7698,5567638.0,25.4307,28.4013,27.5382,161550627.0,2.1813
603212.XSHG,2021-06-30,32.4056,10946.0,32.4056,32.4056,6610432.0,26.5146,29.716,28.7124,206059952.0,2.5899
603212.XSHG,2021-07-01,35.6472,17319.0,32.526,35.5267,8040099.0,29.164,33.1181,31.7834,266431416.0,3.15
603212.XSHG,2021-07-02,35.7776,13372.0,30.6995,32.6163,6357666.0,29.2744,32.4357,29.9067,195379676.0,2.4908
603212.XSHG,2021-07-05,33.7705,14427.0,30.549,31.111,5052415.0,27.6286,30.4185,29.425,152015387.0,1.9795
603212.XSHG,2021-07-06,33.5999,8568.0,30.0271,31.2816,4002300.0,27.4981,30.1877,29.6056,121484011.0,1.568
603212.XSHG,2021-07-07,33.0278,8084.0,30.9805,31.2314,4155000.0,27.0264,30.0472,29.3346,126442353.0,1.6279
603212.XSHG,2021-07-08,34.0816,8762.0,31.0508,31.954,4098451.0,27.8795,31.6128,30.5992,127156979.0,1.6057
603212.XSHG,2021-07-09,34.1518,7719.0,30.4587,31.0407,3399299.0,27.9497,30.4185,29.4551,102200120.0,1.3318
603212.XSHG,2021-07-12,33.5095,12227.0,31.6027,31.9138,5950059.0,27.4178,30.7597,30.5289,186707670.0,2.3311
603212.XSHG,2021-07-13,34.764,8333.0,31.0809,31.9741,3792522.0,28.4415,31.6027,30.9103,118800133.0,1.4859
603212.XSHG,2021-07-14,34.192,7579.0,29.3045,30.7296,3651074.0,27.9698,30.6293,29.1038,108792638.0,1.4304
603212.XSHG,2021-07-15,32.235,17826.0,27.9999,29.3045,6207397.0,26.3741,28.863,27.1368,172706009.0,2.432
603212.XSHG,2021-07-16,30.7999,11300.0,28.1805,28.5619,3458008.0,25.1999,27.9497,27.478,96383780.0,1.3548
603212.XSHG,2021-07-19,31.0006,7950.0,27.7791,28.582,3207271.0,25.3605,27.8895,27.3977,89069044.0,1.2566
603212.XSHG,2021-07-20,30.559,6118.0,28.5519,28.6723,2655705.0,24.9992,27.2472,27.2071,74622182.0,1.0405
603212.XSHG,2021-07-21,31.4121,11382.0,30.007,30.3081,4875232.0,25.7017,28.6121,28.5719,144663710.0,1.91
603212.XSHG,2021-07-22,33.0077,8628.0,30.1877,30.3182,3630715.0,27.0063,29.9067,29.1841,107882568.0,1.4225
603212.XSHG,2021-07-23,33.2085,12493.0,31.2716,31.3418,7064841.0,27.1669,30.1174,29.7863,217427452.0,2.7679
603212.XSHG,2021-07-26,34.4027,10779.0,30.7798,31.9941,4656529.0,28.1404,31.2113,29.6959,143871867.0,1.8244
603212.XSHG,2021-07-27,33.8608,11878.0,28.9031,31.2816,4484558.0,27.6988,30.6694,28.9031,135843112.0,1.757
603212.XSHG,2021-07-28,31.7934,9124.0,28.0902,29.4852,3924030.0,26.0128,29.0536,27.2071,111137218.0,1.5374
603212.XSHG,2021-07-29,30.9002,8062.0,29.8966,30.0271,2914419.0,25.2802,29.3045,28.4916,85460386.0,1.1418
603212.XSHG,2021-07-30,32.8873,8380.0,29.726,30.7095,3555858.0,26.906,30.007,29.2644,106191399.0,1.3931
603212.XSHG,2021-08-02,32.6966,15990.0,31.1812,32.4156,6426786.0,26.7554,30.268,29.9067,199303362.0,2.5179
603212.XSHG,2021-08-03,34.3024,13261.0,29.154,31.111,5107490.0,28.0601,31.0909,28.9633,150444040.0,2.001
603212.XSHG,2021-08-04,32.0744,13864.0,30.288,30.8802,5668400.0,26.2436,28.6823,28.602,170357015.0,2.2208
603212.XSHG,2021-08-05,33.3189,10122.0,29.445,30.5389,3946800.0,27.2572,30.5389,28.873,115352759.0,1.5463
603212.XSHG,2021-08-06,32.3855,7787.0,29.9268,30.1676,3291000.0,26.5045,29.4651,28.9432,96805870.0,1.2894
603212.XSHG,2021-08-09,32.9174,10191.0,29.1139,29.5053,3202600.0,26.9361,29.3949,28.4013,92602190.0,1.2547
603212.XSHG,2021-08-10,32.0242,12659.0,29.706,30.4085,4098300.0,26.2035,29.1038,29.1038,121184874.0,1.6057
603212.XSHG,2021-08-11,32.6766,9226.0,29.3547,29.6959,3807950.0,26.7354,29.3949,28.8329,110788079.0,1.4919
603212.XSHG,2021-08-12,32.2952,6242.0,29.0536,29.5956,2785025.0,26.4243,29.4852,28.7124,80702310.0,1.0911
603212.XSHG,2021-08-13,31.964,14286.0,30.3984,30.7698,7080644.0,26.1533,29.0035,28.602,211940445.0,2.7741
603212.XSHG,2021-08-16,33.4393,9996.0,29.9167,30.7597,4142700.0,27.3576,30.5088,29.7561,124297379.0,1.623
603212.XSHG,2021-08-17,32.9074,28238.0,32.1146,32.9074,16837985.0,26.9261,30.3081,30.3081,542117803.0,6.5969
603212.XSHG,2021-08-18,35.326,24217.0,30.6995,31.944,10130671.0,28.9031,31.944,29.9067,308389644.0,3.969
603212.XSHG,2021-08-19,33.7705,17945.0,28.7827,30.4185,7629980.0,27.6286,29.8063,28.0501,220264834.0,2.9893
603212.XSHG,2021-08-20,31.6629,9290.0,27.9798,28.7225,4122800.0,25.9024,28.7225,27.3977,114786951.0,1.6153
603212.XSHG,2021-08-23,30.7798,17320.0,29.997,30.5088,6901721.0,25.1798,27.8192,27.8192,204437041.0,2.704
603212.XSHG,2021-08-24,32.9977,12538.0,29.5053,30.6092,4978300.0,26.9963,29.5655,29.2142,148433982.0,1.9504
603212.XSHG,2021-08-25,32.4558,14964.0,30.4085,30.5088,5907093.0,26.5547,29.3045,28.5519,173716413.0,2.3143
603212.XSHG,2021-08-26,33.4493,26335.0,31.7432,32.797,11735288.0,27.3676,30.9504,30.6192,374282593.0,4.5977
603212.XSHG,2021-08-27,34.9145,33145.0,32.9576,34.9145,17179298.0,28.5719,31.954,31.5526,574516428.0,6.7306
603212.XSHG,2021-08-30,36.2493,37336.0,34.5232,36.2493,19104699.0,29.6658,35.1153,34.0816,676640501.0,7.4849
603212.XSHG,2021-08-31,37.9755,37775.0,35.8579,37.9755,17785566.0,31.0708,34.6135,34.6135,641419694.0,6.9681
603212.XSHG,2021-09-01,39.4407,29466.0,39.4407,39.4407,16114419.0,32.2751,37.0622,35.4264,605876132.0,6.3134
603212.XSHG,2021-09-02,43.3848,34084.0,39.0393,40.1432,14219320.0,35.4966,38.9389,37.4737,547808419.0,5.5709
603212.XSHG,2021-09-03,42.9432,24565.0,35.1353,37.7948,13459691.0,35.1353,37.5339,35.1353,484146274.0,5.2733
603212.XSHG,2021-09-06,38.6479,20086.0,33.8608,34.3224,8048100.0,31.6228,33.4493,32.9977,268754944.0,3.1531
603212.XSHG,2021-09-07,37.2429,15445.0,34.1819,34.5031,6424519.0,30.4787,33.5196,33.1984,217234102.0,2.517
603212.XSHG,2021-09-08,37.6041,14706.0,33.5296,34.9045,6504800.0,30.7597,34.0214,33.1181,219819930.0,2.5485
603212.XSHG,2021-09-09,36.8816,12867.0,33.1181,33.921,4837641.0,30.1777,33.5196,32.5762,158969941.0,1.8953
603212.XSHG,2021-09-10,36.43,10786.0,32.5662,32.9776,4044010.0,29.8063,32.9074,31.8135,130286373.0,1.5844
603212.XSHG,2021-09-13,35.8278,14945.0,33.1984,33.6601,6096499.0,29.3146,32.4357,31.5927,198634138.0,2.3885
603212.XSHG,2021-09-14,36.5203,17588.0,34.754,35.4264,8747824.0,29.8766,33.2988,33.2988,299394501.0,3.4273
603212.XSHG,2021-09-15,38.2264,15255.0,36.2593,36.44,7076293.0,31.2816,34.2221,34.2221,252189554.0,2.7724
603212.XSHG,2021-09-16,39.8823,19627.0,36.5504,37.2629,8245200.0,32.6364,36.4199,34.6436,299151235.0,3.2303
603212.XSHG,2021-09-17,40.2034,16811.0,34.8343,37.3332,5573335.0,32.8974,37.0221,33.7303,197364268.0,2.1835
603212.XSHG,2021-09-22,38.3167,12418.0,34.9045,36.1088,3583124.0,31.3518,34.5633,34.3827,126192276.0,1.4038
603212.XSHG,2021-09-23,38.397,10275.0,33.3189,35.2959,4093400.0,31.4121,35.2959,33.2787,137632385.0,1.6037
603212.XSHG,2021-09-24,36.6507,6328.0,33.7705,34.0214,2194362.0,29.987,33.7905,32.9776,73569318.0,0.8597
603212.XSHG,2021-09-27,37.1525,9292.0,33.0178,34.0214,3261551.0,30.3984,33.4092,32.1146,106796387.0,1.2778
603212.XSHG,2021-09-28,36.3196,5383.0,33.3088,33.8206,1503900.0,29.716,33.0278,32.2149,49767135.0,0.5892
603212.XSHG,2021-09-29,36.6407,5492.0,32.1647,33.4292,2152835.0,29.9769,33.0178,32.1647,69706708.0,0.8434
603212.XSHG,2021-09-30,35.3862,3324.0,32.3755,32.6364,1447400.0,28.9533,32.3956,31.9138,46624122.0,0.5671
603212.XSHG,2021-10-08,35.6171,4071.0,31.7232,32.9275,2045051.0,29.1339,32.9174,31.6228,65243901.0,0.8012
603212.XSHG,2021-10-11,34.8945,4536.0,31.6629,32.0945,2882073.0,28.5519,31.7934,31.111,90634455.0,1.1292
603212.XSHG,2021-10-12,34.8343,7045.0,29.3547,31.6128,3657696.0,28.5017,31.6128,28.5017,108919738.0,1.433
603212.XSHG,2021-10-13,32.2952,5520.0,30.2579,30.5389,2172379.0,26.4243,29.2343,28.9834,64414011.0,0.8511
603212.XSHG,2021-10-14,33.2887,5873.0,30.6995,31.0407,2145633.0,27.2372,30.2579,29.9167,65607259.0,0.8406
603212.XSHG,2021-10-15,33.7705,4701.0,30.2379,31.2113,1300300.0,27.6286,30.8802,30.1375,39432490.0,0.5094
603212.XSHG,2021-10-18,33.2586,4109.0,30.4486,30.6092,1254033.0,27.2171,30.0873,29.8164,37808979.0,0.4913
603212.XSHG,2021-10-19,33.4895,4459.0,30.6293,30.9504,1341453.0,27.4078,30.5088,30.2078,40871521.0,0.5256
603212.XSHG,2021-10-20,33.6902,5073.0,30.549,31.1612,1825060.0,27.5683,30.6192,30.0271,55867335.0,0.715
603212.XSHG,2021-10-21,33.5999,4921.0,30.559,31.1511,1855675.0,27.4981,30.7095,30.4085,56731347.0,0.727
603212.XSHG,2021-10-22,33.6199,4271.0,30.1375,30.559,1433200.0,27.5081,30.3784,29.7963,43011035.0,0.5615
603212.XSHG,2021-10-25,33.1482,14297.0,31.8235,32.4156,5237302.0,27.1268,31.111,30.6393,164886621.0,2.0519
603212.XSHG,2021-10-26,35.0049,12272.0,31.1009,32.0744,3812700.0,28.6422,31.392,31.0207,119423141.0,1.4938
603212.XSHG,2021-10-27,34.212,9413.0,30.4486,31.1812,3121812.0,27.9898,30.4085,29.7863,94188239.0,1.2231
603212.XSHG,2021-10-28,33.4895,6230.0,29.8966,30.8099,2308294.0,27.4078,30.6995,29.706,69265220.0,0.9044
603212.XSHG,2021-10-29,32.8873,7542.0,30.2078,30.559,3196400.0,26.906,29.8866,29.2544,95442981.0,1.2523
603212.XSHG,2021-11-01,33.2285,19968.0,32.7669,33.2285,9370772.0,27.187,30.1977,30.1877,302731488.0,3.6713
603212.XSHG,2021-11-02,36.0486,15891.0,31.7131,33.4493,5133730.0,29.4952,32.0142,31.6128,165638008.0,2.0113
603212.XSHG,2021-11-03,34.8844,11515.0,30.9906,32.1647,3327100.0,28.5418,31.7533,30.6092,103549393.0,1.3035
603212.XSHG,2021-11-04,34.0916,8887.0,31.3117,32.2049,3100100.0,27.8895,31.0809,30.9906,97790847.0,1.2146
603212.XSHG,2021-11-05,34.4429,14632.0,30.1074,31.5124,5342200.0,28.1805,31.0608,29.8063,161446903.0,2.093
603212.XSHG,2021-11-08,33.1181,5647.0,30.4085,30.5791,2972200.0,27.0967,30.1074,29.3949,89080541.0,1.1645
603212.XSHG,2021-11-09,33.4493,20012.0,32.1045,33.3189,8115600.0,27.3676,30.6092,30.5389,260570312.0,3.1796
603212.XSHG,2021-11-10,35.316,12296.0,32.6163,33.0178,4279500.0,28.8931,32.526,31.5124,137836550.0,1.6766
603212.XSHG,2021-11-11,35.878,12924.0,33.3088,34.6034,5259000.0,29.3547,32.3554,32.3554,175396180.0,2.0604
603212.XSHG,2021-11-12,36.6407,18923.0,35.7174,36.1289,8976800.0,29.9769,33.2486,33.0178,310377811.0,3.517
603212.XSHG,2021-11-15,39.2902,22172.0,36.3095,37.6342,10913652.0,32.1447,37.2328,35.7174,397345633.0,4.2758
603212.XSHG,2021-11-16,39.9425,19336.0,35.035,36.6006,7993057.0,32.6766,36.149,34.5332,281850982.0,3.1316
603212.XSHG,2021-11-17,38.5375,16272.0,36.0687,36.44,5657282.0,31.5325,35.3963,34.7339,200817062.0,2.2164
603212.XSHG,2021-11-18,39.6715,20663.0,35.597,37.8651,6227340.0,32.4658,36.0386,35.1353,224377385.0,2.4398
603212.XSHG,2021-11-19,39.1597,17585.0,36.0787,36.2393,6657440.0,32.0343,35.4565,34.2221,234114632.0,2.6083
603212.XSHG,2021-11-22,39.6916,21843.0,37.3231,37.7948,8930413.0,32.4758,36.149,35.7977,329928708.0,3.4988
603212.XSHG,2021-11-23,41.0565,16612.0,35.7375,37.6041,6333491.0,33.5898,37.3231,35.6672,230201766.0,2.4814
603212.XSHG,2021-11-24,39.3102,13779.0,35.7274,36.2192,5539441.0,32.1647,35.7475,35.1554,197182843.0,2.1703
603212.XSHG,2021-11-25,39.3002,15816.0,34.2622,35.7074,4915438.0,32.1547,35.7074,34.192,170065363.0,1.9258
603212.XSHG,2021-11-26,37.6844,21786.0,37.6844,37.6844,14889890.0,30.84,34.5131,34.2622,546376462.0,5.8336
603212.XSHG,2021-11-29,41.4579,58790.0,40.0629,41.4579,28258214.0,33.921,37.7948,36.0586,1111117212.0,11.0711
603212.XSHG,2021-11-30,44.0672,43267.0,37.7446,40.354,14407267.0,36.0586,40.0428,37.4937,554528861.0,5.6446
603212.XSHG,2021-12-01,41.5181,36893.0,36.3998,38.1862,12756825.0,33.9712,37.7346,35.6873,463654197.0,4.9979
603212.XSHG,2021-12-02,40.0428,24173.0,35.607,36.6909,7817375.0,32.7569,36.6808,35.1755,277867005.0,3.0627
603212.XSHG,2021-12-03,39.1697,20396.0,34.5834,35.7576,7880220.0,32.0443,35.607,34.202,271926558.0,3.0874
603212.XSHG,2021-12-06,38.0457,22331.0,34.754,35.4766,6594240.0,31.121,34.5031,34.212,230056937.0,2.5835
603212.XSHG,2021-12-07,38.2264,15763.0,33.8809,35.3662,6076100.0,31.2816,34.8242,33.3891,207154523.0,2.3805
603212.XSHG,2021-12-08,37.273,22632.0,33.6701,34.192,8302193.0,30.4888,32.7167,31.3719,273557359.0,3.2527
603212.XSHG,2021-12-09,37.0421,18673.0,32.2751,33.5597,7078870.0,30.3081,33.5396,32.1748,230381725.0,2.7734
603212.XSHG,2021-12-10,35.5067,13684.0,33.1583,33.3289,5503789.0,29.0436,32.2852,32.2852,180834528.0,2.1563
603212.XSHG,2021-12-13,36.4701,11602.0,33.0379,33.5698,4260840.0,29.8465,32.7468,32.7167,140453451.0,1.6693
603212.XSHG,2021-12-14,36.3396,9835.0,32.6163,33.1282,4020040.0,29.7361,32.8773,32.245,130524273.0,1.575
603212.XSHG,2021-12-15,35.878,9893.0,32.6665,32.807,4130600.0,29.3547,32.6163,32.1146,133681174.0,1.6183
603212.XSHG,2021-12-16,35.9382,7556.0,32.3956,32.8672,2988615.0,29.4049,32.8171,32.3153,96746930.0,1.1709
603212.XSHG,2021-12-17,35.6371,9081.0,31.4622,32.225,4043300.0,29.154,32.225,31.4622,127861960.0,1.5841
603212.XSHG,2021-12-20,34.6135,10416.0,30.5289,31.5626,3404874.0,28.321,31.4723,30.4587,104575479.0,1.334
603212.XSHG,2021-12-21,33.5798,11430.0,30.1475,31.0608,3529400.0,27.478,30.5289,29.5153,105808087.0,1.3828
603212.XSHG,2021-12-22,33.1583,7963.0,30.4285,30.5992,2287500.0,27.1368,30.3081,29.9268,69196023.0,0.8962
603212.XSHG,2021-12-23,33.4694,12060.0,31.0909,31.5425,4927629.0,27.3877,30.5088,29.9268,151251175.0,1.9306
603212.XSHG,2021-12-24,34.202,7429.0,30.0773,30.9906,3079428.0,27.9798,30.9906,29.8063,92757480.0,1.2065
603212.XSHG,2021-12-27,33.088,4525.0,29.6056,30.3784,2036144.0,27.0666,30.0773,29.5053,60539189.0,0.7977
603212.XSHG,2021-12-28,32.5662,3072.0,30.1877,30.2078,1289169.0,26.645,29.6056,29.5956,38452119.0,0.5051
603212.XSHG,2021-12-29,33.2085,4317.0,30.0974,30.5891,1528582.0,27.1669,30.1977,29.9268,45903900.0,0.5989
603212.XSHG,2021-12-30,33.1081,4494.0,30.6895,30.7898,2497903.0,27.0866,30.1275,30.0873,76072573.0,0.9786
603212.XSHG,2021-12-31,33.7604,7108.0,31.2414,32.0042,2799087.0,27.6185,31.1009,30.8099,87725576.0,1.0966
603212.XSHG,2022-01-04,34.3626,5245.0,31.0106,31.6328,2087354.0,28.1203,31.6328,30.8099,64675121.0,0.8178
603212.XSHG,2022-01-05,34.1117,5057.0,30.2379,31.0809,2044691.0,27.9096,30.7397,30.0673,61743559.0,0.8011
603212.XSHG,2022-01-06,33.2586,4674.0,30.0974,30.4386,1732355.0,27.2171,30.1375,29.5153,51871774.0,0.6787
603212.XSHG,2022-01-07,33.1081,3820.0,29.9067,30.3382,1315651.0,27.0866,30.0873,29.8164,39392160.0,0.5155
603212.XSHG,2022-01-10,32.8974,5635.0,28.7927,29.9067,3164398.0,26.916,29.706,28.6422,91698600.0,1.2398
603212.XSHG,2022-01-11,31.673,4649.0,28.1906,29.1841,2074635.0,25.9124,28.9031,28.1002,59115586.0,0.8128
603212.XSHG,2022-01-12,31.0106,3720.0,28.7225,28.7927,1441569.0,25.3705,28.1906,28.1906,41070502.0,0.5648
603212.XSHG,2022-01-13,31.5927,4137.0,28.02,28.9031,1725435.0,25.8522,28.8329,27.9999,48584135.0,0.676
603212.XSHG,2022-01-14,30.8199,3836.0,28.0501,28.4515,1456328.0,25.22,27.9999,27.5784,40871630.0,0.5706
603212.XSHG,2022-01-17,30.8601,4031.0,28.3913,28.4515,1746597.0,25.2501,28.0802,28.0601,49164475.0,0.6843
603212.XSHG,2022-01-18,31.2314,6190.0,28.6823,29.1841,2558400.0,25.5511,28.4515,28.2207,73276183.0,1.0023
603212.XSHG,2022-01-19,31.5526,3382.0,27.9898,28.9031,1576698.0,25.8121,28.5318,27.8995,44243363.0,0.6177
603212.XSHG,2022-01-20,30.7898,3730.0,27.4981,28.1605,2315700.0,25.1899,27.9999,27.0063,63317843.0,0.9073
603212.XSHG,2022-01-21,30.2479,5741.0,26.8157,27.9497,2179400.0,24.7483,27.4881,26.625,59063462.0,0.8539
603212.XSHG,2022-01-24,29.4952,4616.0,27.0967,27.5483,1639836.0,24.1361,26.7554,26.3038,44239100.0,0.6425
603212.XSHG,2022-01-25,29.8063,3856.0,26.4644,27.3877,1333306.0,24.387,27.0766,26.2336,35504778.0,0.5224
603212.XSHG,2022-01-26,29.1139,2880.0,26.5246,26.7153,1041630.0,23.815,26.3942,26.0429,27368215.0,0.4081
603212.XSHG,2022-01-27,29.1741,3242.0,25.5913,26.8157,1248459.0,23.8752,26.7956,25.4809,32160182.0,0.4891
603212.XSHG,2022-01-28,28.1504,3804.0,25.9827,26.2838,1502325.0,23.0322,25.6013,25.2902,38756576.0,0.5886
603212.XSHG,2022-02-07,28.582,2485.0,26.5246,26.5748,888900.0,23.3834,26.2436,26.2436,23410245.0,0.3483
603212.XSHG,2022-02-08,29.1741,3778.0,26.1132,26.5949,1214500.0,23.8752,26.5347,25.6415,31526839.0,0.4758
603212.XSHG,2022-02-09,28.7225,11099.0,26.3841,26.5146,2399214.0,23.5038,26.2135,25.8924,62650725.0,0.94
603212.XSHG,2022-02-10,29.0235,6000.0,25.5913,26.5447,2011199.0,23.7447,26.2135,25.3003,51622910.0,0.788
603212.XSHG,2022-02-11,28.1504,3796.0,24.7985,25.8924,1547724.0,23.0322,25.8924,24.6881,38843713.0,0.6064
603212.XSHG,2022-02-14,27.2773,3863.0,24.8888,25.2701,1482700.0,22.3196,24.5877,23.8451,36736268.0,0.5809
603212.XSHG,2022-02-15,27.3777,3016.0,25.0895,25.1698,1405490.0,22.3999,24.8687,24.5676,34978452.0,0.5507
603212.XSHG,2022-02-16,27.5984,3539.0,25.2902,25.3906,1274100.0,22.5806,25.0895,25.0192,32079191.0,0.4992
603212.XSHG,2022-02-17,27.8192,11848.0,26.2838,26.8859,5711145.0,22.7612,25.2902,25.0895,149496874.0,2.2375
603212.XSHG,2022-02-18,28.9131,7783.0,25.782,26.2838,2526981.0,23.6544,26.2838,25.4006,64596235.0,0.99
603212.XSHG,2022-02-21,28.3612,4578.0,25.4207,25.9124,1645440.0,23.2028,25.6615,25.24,41844639.0,0.6447
603212.XSHG,2022-02-22,27.9597,5497.0,25.0995,25.8121,2189396.0,22.8816,25.4006,24.7483,55012942.0,0.8578
603212.XSHG,2022-02-23,27.6085,7904.0,25.8723,25.9225,3412113.0,22.5906,25.1698,25.1698,87507265.0,1.3368
603212.XSHG,2022-02-24,28.4615,9833.0,25.1698,26.5146,4228000.0,23.2831,25.7719,24.8386,108228637.0,1.6565
603212.XSHG,2022-02-25,27.6888,7266.0,25.8924,26.2135,3059800.0,22.6508,25.2802,25.2802,78647110.0,1.1988
603212.XSHG,2022-02-28,28.4816,10960.0,26.7755,26.916,4945583.0,23.3031,25.9225,25.3906,129519990.0,1.9376
603212.XSHG,2022-03-01,29.4551,9831.0,27.1167,27.478,4689384.0,24.096,26.7956,26.7956,126859623.0,1.8372
603212.XSHG,2022-03-02,29.8264,6249.0,27.0063,27.0967,2253805.0,24.4071,26.8959,26.4544,60043825.0,0.883
603212.XSHG,2022-03-03,29.706,8682.0,26.1633,27.2472,2969088.0,24.3067,27.0967,26.0931,78497585.0,1.1632
603212.XSHG,2022-03-04,28.7827,5616.0,25.7318,26.4744,2172529.0,23.544,26.073,25.4909,56150914.0,0.8512
