order_book_id,date,limit_up,num_trades,close,high,volume,limit_down,open,low,total_turnover,turnover_rate
688069.XSHG,2020-07-22,0.0,0.0,101.7,125.0,9367746.0,0.0,92.0,86.99,938580531.0,68.696
688069.XSHG,2020-07-23,0.0,0.0,96.6,102.08,5218231.0,0.0,94.78,92.8,502006895.0,38.2666
688069.XSHG,2020-07-24,0.0,0.0,98.72,105.5,5182706.0,0.0,96.01,96.0,524801113.0,38.0061
688069.XSHG,2020-07-27,0.0,0.0,88.48,98.0,3398174.0,0.0,97.98,87.05,307996873.0,24.9196
688069.XSHG,2020-07-28,0.0,0.0,87.73,91.77,2650598.0,0.0,88.99,84.11,231046331.0,19.4375
688069.XSHG,2020-07-29,105.28,0.0,88.19,89.52,1913711.0,70.18,86.93,84.8,166791976.0,14.0337
688069.XSHG,2020-07-30,105.83,0.0,87.4,89.65,1792668.0,70.55,88.36,86.88,157848541.0,13.1461
688069.XSHG,2020-07-31,104.88,0.0,88.3,88.77,1933942.0,69.92,87.6,85.79,169645043.0,14.1821
688069.XSHG,2020-08-03,105.96,0.0,95.3,96.8,2430396.0,70.64,88.67,88.67,227967026.0,17.8227
688069.XSHG,2020-08-04,114.36,0.0,97.5,100.0,1868389.0,76.24,96.58,95.28,182410849.0,13.7014
688069.XSHG,2020-08-05,117.0,0.0,98.42,99.55,1713497.0,78.0,97.65,94.3,167175542.0,12.5655
688069.XSHG,2020-08-06,118.1,0.0,94.28,101.0,1337711.0,78.74,99.0,92.9,128859600.0,9.8098
688069.XSHG,2020-08-07,113.14,0.0,90.14,94.99,1144775.0,75.42,94.2,90.02,105435906.0,8.3949
688069.XSHG,2020-08-10,108.17,0.0,100.55,104.8,1994918.0,72.11,90.68,89.02,191852402.0,14.6292
688069.XSHG,2020-08-11,120.66,0.0,104.73,111.01,2919682.0,80.44,101.3,101.3,314521799.0,21.4107
688069.XSHG,2020-08-12,125.68,0.0,107.02,108.73,1793805.0,83.78,105.88,96.84,185456274.0,13.1544
688069.XSHG,2020-08-13,128.42,0.0,104.0,109.99,1265868.0,85.62,107.11,101.88,134965427.0,9.2829
688069.XSHG,2020-08-14,124.8,0.0,124.8,124.8,2980686.0,83.2,104.42,104.42,349520041.0,21.8581
688069.XSHG,2020-08-17,149.76,0.0,129.67,133.9,2482579.0,99.84,130.6,120.79,319660854.0,18.2054
688069.XSHG,2020-08-18,155.6,0.0,134.84,140.87,1389278.0,103.74,125.67,125.38,182494324.0,10.1879
688069.XSHG,2020-08-19,161.81,0.0,118.0,135.88,1526484.0,107.87,134.37,116.57,189132721.0,11.1941
688069.XSHG,2020-08-20,141.6,0.0,121.22,127.5,1164779.0,94.4,115.89,115.89,143841768.0,8.5416
688069.XSHG,2020-08-21,145.46,0.0,135.74,136.85,1131152.0,96.98,123.99,121.47,147470402.0,8.295
688069.XSHG,2020-08-24,162.89,0.0,127.0,147.98,1276517.0,108.59,132.71,125.5,173393563.0,9.361
688069.XSHG,2020-08-25,152.4,0.0,122.1,129.29,953555.0,101.6,129.29,117.5,117266790.0,6.9927
688069.XSHG,2020-08-26,146.52,0.0,120.99,131.5,923359.0,97.68,121.07,119.45,114879734.0,6.7712
688069.XSHG,2020-08-27,145.19,0.0,120.48,123.0,1504168.0,96.79,121.42,104.7,169478616.0,11.0304
688069.XSHG,2020-08-28,144.58,0.0,114.03,119.88,945889.0,96.38,117.35,108.61,107734912.0,6.9364
688069.XSHG,2020-08-31,136.84,0.0,119.66,122.8,786281.0,91.22,115.73,114.0,94453937.0,5.766
688069.XSHG,2020-09-01,143.59,0.0,116.36,123.5,510519.0,95.73,123.5,115.55,60827647.0,3.7438
688069.XSHG,2020-09-02,139.63,0.0,110.42,119.06,1035885.0,93.09,118.78,108.79,116337570.0,7.5964
688069.XSHG,2020-09-03,132.5,0.0,108.77,110.69,423189.0,88.34,109.02,107.01,45971145.0,3.1033
688069.XSHG,2020-09-04,130.52,0.0,106.81,110.59,290580.0,87.02,106.01,105.11,31332999.0,2.1309
688069.XSHG,2020-09-07,128.17,0.0,103.99,109.15,450697.0,85.45,105.0,102.32,47510252.0,3.3051
688069.XSHG,2020-09-08,124.79,0.0,104.67,107.5,629043.0,83.19,105.49,98.03,64440600.0,4.6129
688069.XSHG,2020-09-09,125.6,0.0,98.4,102.73,470310.0,83.74,100.02,98.16,46886146.0,3.4489
688069.XSHG,2020-09-10,118.08,0.0,97.0,101.94,363133.0,78.72,100.99,97.0,35949680.0,2.6629
688069.XSHG,2020-09-11,116.4,0.0,100.5,103.86,703657.0,77.6,99.99,94.0,70034395.0,5.1601
688069.XSHG,2020-09-14,120.6,0.0,100.2,103.63,312789.0,80.4,103.5,98.27,31555499.0,2.2938
688069.XSHG,2020-09-15,120.24,0.0,98.93,100.64,505078.0,80.16,99.9,97.18,49843520.0,3.7039
688069.XSHG,2020-09-16,118.72,0.0,100.95,102.86,498723.0,79.14,98.99,96.9,49826083.0,3.6573
688069.XSHG,2020-09-17,121.14,0.0,103.45,105.66,619349.0,80.76,100.47,99.92,64326394.0,4.5418
688069.XSHG,2020-09-18,124.14,0.0,103.9,105.65,407043.0,82.76,102.51,100.5,41830230.0,2.9849
688069.XSHG,2020-09-21,124.68,0.0,98.93,107.5,857522.0,83.12,100.15,95.8,85748191.0,6.2884
688069.XSHG,2020-09-22,118.72,0.0,97.0,99.74,343648.0,79.14,97.14,95.0,33340222.0,2.5201
688069.XSHG,2020-09-23,116.4,0.0,98.73,99.75,235148.0,77.6,97.0,97.0,23214068.0,1.7244
688069.XSHG,2020-09-24,118.48,0.0,98.31,99.34,245666.0,78.98,99.34,97.0,24060994.0,1.8015
688069.XSHG,2020-09-25,117.97,0.0,96.24,99.12,210428.0,78.65,95.0,95.0,20438198.0,1.5431
688069.XSHG,2020-09-28,115.49,0.0,91.03,97.8,300934.0,76.99,97.8,91.03,28002668.0,2.2068
688069.XSHG,2020-09-29,109.24,0.0,93.5,94.01,155945.0,72.82,92.0,91.2,14491057.0,1.1436
688069.XSHG,2020-09-30,112.2,0.0,92.99,94.04,183086.0,74.8,93.0,91.26,17016915.0,1.3426
688069.XSHG,2020-10-09,111.59,0.0,95.06,96.5,206943.0,74.39,93.58,93.58,19710779.0,1.5176
688069.XSHG,2020-10-12,114.07,0.0,99.53,101.66,411767.0,76.05,96.82,94.72,40478207.0,3.0196
688069.XSHG,2020-10-13,119.44,0.0,101.35,102.5,391218.0,79.62,99.53,99.5,39554360.0,2.8689
688069.XSHG,2020-10-14,121.62,0.0,98.91,101.0,222660.0,81.08,98.0,97.67,22198059.0,1.6328
688069.XSHG,2020-10-15,118.69,0.0,98.43,102.88,227969.0,79.13,99.56,97.2,22512580.0,1.6718
688069.XSHG,2020-10-16,118.12,0.0,97.6267,99.2834,181215.0,78.74,98.8918,96.3917,17676279.0,1.3289
688069.XSHG,2020-10-19,117.1561,0.0,97.3958,98.0384,264468.0,78.0973,96.5523,94.9458,25439866.0,1.9394
688069.XSHG,2020-10-20,116.8749,0.0,94.9157,97.1247,239675.0,77.9166,97.1247,93.3995,22572789.0,1.7576
688069.XSHG,2020-10-21,113.9028,0.0,92.2549,94.3534,324033.0,75.9285,94.3434,91.542,29925963.0,2.3762
688069.XSHG,2020-10-22,110.7099,0.0,91.8834,92.8774,539640.0,73.7999,92.8473,88.4394,48560571.0,3.9573
688069.XSHG,2020-10-23,110.258,0.0,91.1604,93.7108,324430.0,73.5087,90.4877,90.3973,29899870.0,2.3791
688069.XSHG,2020-10-26,109.3945,0.0,90.1563,92.285,362941.0,72.9263,91.1403,88.6402,32576230.0,2.6615
688069.XSHG,2020-10-27,108.1896,0.0,87.9875,89.7346,455506.0,72.1231,89.6543,86.4513,39810772.0,3.3403
688069.XSHG,2020-10-28,105.5891,0.0,87.2546,88.6301,306476.0,70.386,86.4714,86.4613,26748414.0,2.2475
688069.XSHG,2020-10-29,104.7055,0.0,90.3471,94.4839,643847.0,69.8036,86.3509,86.3509,58206506.0,4.7215
688069.XSHG,2020-10-30,108.4206,0.0,86.0497,91.1102,513726.0,72.2737,90.3471,86.0497,44911126.0,3.7673
688069.XSHG,2020-11-02,103.2596,0.0,81.7321,87.1541,784457.0,68.8397,86.4513,79.5733,64127385.0,5.7526
688069.XSHG,2020-11-03,98.0785,0.0,84.5937,85.6882,664866.0,65.3857,81.8124,80.5272,55761864.0,4.8756
688069.XSHG,2020-11-04,101.5125,0.0,83.5495,86.8529,360567.0,67.675,84.6239,82.5454,30418808.0,2.6441
688069.XSHG,2020-11-05,100.2574,0.0,85.5577,86.3509,292832.0,66.8416,86.3208,83.931,24838030.0,2.1474
688069.XSHG,2020-11-06,102.6672,0.0,82.8366,86.2304,453841.0,68.4481,86.2304,81.6819,37564702.0,3.3281
688069.XSHG,2020-11-09,99.4039,0.0,86.2203,86.3509,526863.0,66.2693,82.8266,82.3446,44429829.0,3.8636
688069.XSHG,2020-11-10,103.4604,0.0,84.2021,86.863,467707.0,68.9803,86.3509,83.5696,39394363.0,3.4298
688069.XSHG,2020-11-11,101.0406,0.0,81.7622,84.3126,434093.0,67.3637,83.3386,81.5815,35708994.0,3.1833
688069.XSHG,2020-11-12,98.1187,0.0,80.5875,82.7262,422607.0,65.4058,82.5454,80.4469,34287285.0,3.0991
688069.XSHG,2020-11-13,96.7029,0.0,80.3264,81.9229,445702.0,64.472,80.3264,79.3223,35768814.0,3.2684
688069.XSHG,2020-11-16,96.3917,0.0,81.6819,82.5354,485702.0,64.2611,81.2903,80.3565,39429345.0,3.5618
688069.XSHG,2020-11-17,98.0183,0.0,78.8805,81.6819,462362.0,65.3455,81.6819,78.7199,36739736.0,3.3906
688069.XSHG,2020-11-18,94.6546,0.0,82.1337,82.9671,585142.0,63.1064,80.0955,78.8203,47475240.0,4.291
688069.XSHG,2020-11-19,98.5605,0.0,82.5555,82.7864,340373.0,65.707,81.7221,81.1497,27773416.0,2.496
688069.XSHG,2020-11-20,99.0625,0.0,82.435,83.9411,310170.0,66.0484,82.5555,81.3405,25507957.0,2.2746
688069.XSHG,2020-11-23,98.922,0.0,83.3386,83.921,384432.0,65.948,81.5514,81.5514,31657412.0,2.8191
688069.XSHG,2020-11-24,100.0064,0.0,83.6399,84.6941,307394.0,66.6709,83.3386,82.3848,25621402.0,2.2542
688069.XSHG,2020-11-25,100.3678,0.0,83.2985,84.4632,318465.0,66.9119,83.1479,82.7462,26539976.0,2.3354
688069.XSHG,2020-11-26,99.9562,0.0,85.1761,85.6781,549024.0,66.6408,82.0434,82.0434,46418284.0,4.0261
688069.XSHG,2020-11-27,102.2153,0.0,84.7042,86.0095,343027.0,68.1369,85.648,84.0114,28975927.0,2.5155
688069.XSHG,2020-11-30,101.643,0.0,82.8366,85.0556,371814.0,67.7654,84.5536,82.4952,30960978.0,2.7266
688069.XSHG,2020-12-01,99.4039,0.0,82.9169,83.419,474376.0,66.2693,83.1278,81.9631,39034846.0,3.4787
688069.XSHG,2020-12-02,99.5043,0.0,82.8366,84.1419,403831.0,66.3295,82.4149,82.4149,33486612.0,2.9614
688069.XSHG,2020-12-03,99.4039,0.0,81.8024,83.1378,235741.0,66.2693,82.8366,81.6317,19257205.0,1.7287
688069.XSHG,2020-12-04,98.1589,0.0,80.1858,82.1137,336470.0,65.4459,81.7522,80.1557,27054055.0,2.4674
688069.XSHG,2020-12-07,96.221,0.0,78.1174,80.467,553032.0,64.1507,80.3866,78.0271,43510560.0,4.0555
688069.XSHG,2020-12-08,93.7409,0.0,74.6835,78.6897,757314.0,62.4939,78.1174,74.5529,57189586.0,5.5536
688069.XSHG,2020-12-09,89.6242,0.0,74.4224,76.8523,466545.0,59.7428,74.3521,73.9304,34904594.0,3.4213
688069.XSHG,2020-12-10,89.3029,0.0,73.8902,75.6072,325494.0,59.5419,74.4927,72.8259,24085918.0,2.3869
688069.XSHG,2020-12-11,88.6703,0.0,71.1491,74.573,699140.0,59.1102,73.2476,70.2856,49999874.0,5.127
688069.XSHG,2020-12-14,85.3769,0.0,70.637,71.7214,327677.0,56.9213,70.4965,69.8036,23089344.0,2.4029
688069.XSHG,2020-12-15,84.7644,0.0,73.4183,74.6232,553222.0,56.5096,72.344,70.4161,40172242.0,4.0569
688069.XSHG,2020-12-16,88.098,0.0,70.1049,74.0911,526889.0,58.7387,72.9263,70.1049,37586144.0,3.8638
688069.XSHG,2020-12-17,84.1218,0.0,70.8378,71.4905,297092.0,56.0879,70.4965,68.3377,20835567.0,2.1786
688069.XSHG,2020-12-18,85.0054,0.0,69.3819,70.7676,321013.0,56.6703,70.4262,69.161,22303587.0,2.3541
688069.XSHG,2020-12-21,83.2583,0.0,69.4221,70.2655,475643.0,55.5055,70.2655,68.4381,32702646.0,3.488
688069.XSHG,2020-12-22,83.3085,0.0,67.4541,69.2815,505607.0,55.5357,69.2614,67.0324,34159938.0,3.7077
688069.XSHG,2020-12-23,80.9489,0.0,65.3154,67.7553,498051.0,53.9593,67.4541,64.7832,32692891.0,3.6523
688069.XSHG,2020-12-24,78.3785,0.0,63.3474,66.6107,536752.0,52.2523,65.4761,62.9257,34426781.0,3.9361
688069.XSHG,2020-12-25,76.0189,0.0,64.4519,65.2652,466490.0,50.6759,63.1366,62.6144,29609165.0,3.4209
688069.XSHG,2020-12-28,77.3443,0.0,62.1425,64.6929,457075.0,51.5595,64.4419,61.5601,28536945.0,3.3518
688069.XSHG,2020-12-29,74.573,0.0,62.6948,63.5382,411912.0,49.712,62.5341,60.6665,25542172.0,3.0207
688069.XSHG,2020-12-30,75.2357,0.0,62.1124,62.7349,460838.0,50.1538,61.9015,61.4095,28437291.0,3.3794
688069.XSHG,2020-12-31,74.5329,0.0,64.0402,64.7431,639956.0,49.6919,62.1425,61.6505,40536751.0,4.693
688069.XSHG,2021-01-04,76.8523,0.0,65.9179,66.932,391080.0,51.2282,64.0402,63.257,25484379.0,2.8679
688069.XSHG,2021-01-05,79.1014,0.0,64.8134,66.3496,526702.0,52.7343,65.9179,63.7089,33882600.0,3.8624
688069.XSHG,2021-01-06,77.776,0.0,62.5642,65.1146,351707.0,51.8507,64.8636,62.5642,22146947.0,2.5792
688069.XSHG,2021-01-07,75.0751,0.0,58.9797,63.1265,614721.0,50.0534,63.1265,58.7487,36840631.0,4.5079
688069.XSHG,2021-01-08,70.7776,0.0,59.552,61.0782,425177.0,47.1817,59.1202,57.7647,25269359.0,3.1179
688069.XSHG,2021-01-11,71.4604,0.0,55.4855,60.2348,670928.0,47.6436,59.5721,55.4051,37957037.0,4.9201
688069.XSHG,2021-01-12,66.5805,0.0,56.8309,57.0418,358906.0,44.3904,56.0176,55.2947,20097348.0,2.6319
688069.XSHG,2021-01-13,68.1971,0.0,68.1971,68.1971,1149556.0,45.4647,67.8557,64.7632,76791138.0,8.43
688069.XSHG,2021-01-14,81.8325,0.0,71.9624,73.8802,2425553.0,54.5617,71.9524,69.2815,173399898.0,17.7872
688069.XSHG,2021-01-15,86.3509,0.0,71.9624,74.5831,1616187.0,57.5739,71.2696,69.402,116918753.0,11.8519
688069.XSHG,2021-01-18,86.3509,0.0,73.2878,75.0851,1512419.0,57.5739,72.0929,71.611,110095610.0,11.0909
688069.XSHG,2021-01-19,87.9474,0.0,72.0528,74.573,975023.0,58.6282,72.8159,71.7014,70800997.0,7.1501
688069.XSHG,2021-01-20,86.4613,0.0,74.2517,74.814,1119200.0,57.6442,72.6854,71.2796,82143275.0,8.2074
688069.XSHG,2021-01-21,89.1021,0.0,70.9784,74.1011,1400421.0,59.4014,74.1011,70.9182,100496209.0,10.2696
688069.XSHG,2021-01-22,85.1761,0.0,71.1792,73.589,1495311.0,56.7807,71.8821,70.6973,107270616.0,10.4752
688069.XSHG,2021-01-25,85.4171,0.0,68.177,70.878,1239689.0,56.9414,70.0145,68.177,85295397.0,8.6845
688069.XSHG,2021-01-26,81.8124,0.0,70.888,71.3901,958535.0,54.5416,67.8557,67.6549,66589597.0,6.7149
688069.XSHG,2021-01-27,85.0657,0.0,71.5206,72.0026,744047.0,56.7104,70.5868,69.1209,52450212.0,5.2123
688069.XSHG,2021-01-28,85.8288,0.0,68.5887,72.1934,725538.0,57.2125,70.2153,68.3778,50725772.0,5.0827
688069.XSHG,2021-01-29,82.3044,0.0,70.5567,72.8761,1053310.0,54.873,69.2815,67.4842,73652753.0,7.3788
688069.XSHG,2021-02-01,84.664,0.0,76.0892,76.782,1423532.0,56.4494,72.1733,70.5868,105275974.0,9.9724
688069.XSHG,2021-02-02,91.311,0.0,75.9084,78.1978,1095458.0,60.8673,75.306,74.6031,83617523.0,7.6741
688069.XSHG,2021-02-03,91.0901,0.0,73.348,76.7117,756696.0,60.7268,75.5972,73.2577,56061994.0,5.3009
688069.XSHG,2021-02-04,88.0177,0.0,74.5529,76.6615,808267.0,58.6784,73.1071,72.0628,59931507.0,5.6622
688069.XSHG,2021-02-05,89.4635,0.0,69.2715,74.7839,1065425.0,59.6424,74.2919,69.2614,75914579.0,7.4637
688069.XSHG,2021-02-08,83.1278,0.0,71.0286,72.103,649143.0,55.4152,68.7192,67.0424,45304802.0,4.5475
688069.XSHG,2021-02-09,85.2364,0.0,68.7694,72.1733,835569.0,56.8209,71.0286,67.5947,57452889.0,5.8535
688069.XSHG,2021-02-10,82.5253,0.0,65.6668,69.0807,930405.0,55.0135,68.4582,65.4058,61731290.0,6.5178
688069.XSHG,2021-02-18,78.8002,0.0,67.3537,67.9059,605883.0,52.5335,66.5002,65.697,40476930.0,4.2444
688069.XSHG,2021-02-19,80.8284,0.0,69.1711,69.4221,481227.0,53.8789,66.3496,66.3496,32520472.0,3.3712
688069.XSHG,2021-02-22,83.0073,0.0,73.6091,74.1814,1128606.0,55.3348,69.1811,68.9401,81064494.0,7.9063
688069.XSHG,2021-02-23,88.3289,0.0,72.6653,73.9605,725268.0,58.8893,73.4886,71.4001,52431129.0,5.0808
688069.XSHG,2021-02-24,87.1943,0.0,72.6753,74.804,785751.0,58.1362,73.6593,71.2897,57027922.0,5.5045
688069.XSHG,2021-02-25,87.2144,0.0,73.2978,79.1416,1351350.0,58.1362,76.3101,73.2978,102878899.0,9.4667
688069.XSHG,2021-02-26,87.9574,0.0,78.3182,84.1419,2253273.0,58.6383,72.0026,71.5307,173878725.0,15.785
688069.XSHG,2021-03-01,93.9819,0.0,84.4431,84.6239,1932170.0,62.6546,79.3223,79.3123,157171416.0,13.5356
688069.XSHG,2021-03-02,101.3318,0.0,83.0475,85.9392,1293843.0,67.5545,85.3468,82.3346,108038146.0,9.0638
688069.XSHG,2021-03-03,99.6549,0.0,82.8667,83.5595,785450.0,66.44,82.8366,82.0534,64744945.0,5.5024
688069.XSHG,2021-03-04,99.4441,0.0,83.3186,84.6239,1231590.0,66.2894,82.4048,81.3606,101806975.0,8.6277
688069.XSHG,2021-03-05,99.9863,0.0,80.959,82.9872,1055765.0,66.6508,82.2342,79.3324,85002303.0,7.396
688069.XSHG,2021-03-08,97.1548,0.0,80.4067,82.3245,715627.0,64.7632,80.8084,80.1557,57732894.0,5.0132
688069.XSHG,2021-03-09,96.4921,0.0,75.055,80.8284,1127556.0,64.3214,80.728,75.0148,85826349.0,7.8989
688069.XSHG,2021-03-10,90.066,0.0,71.2897,75.7679,1106001.0,60.044,75.2859,71.2897,80224604.0,7.7479
688069.XSHG,2021-03-11,85.5476,0.0,71.7415,73.1472,711091.0,57.0317,71.2897,69.5928,50412890.0,4.9815
688069.XSHG,2021-03-12,86.0898,0.0,72.7958,73.9907,716881.0,57.3932,71.5106,70.4864,52034426.0,5.022
688069.XSHG,2021-03-15,87.355,0.0,70.637,73.7999,523132.0,58.2366,73.2978,69.9442,37293904.0,3.6647
688069.XSHG,2021-03-16,84.7644,0.0,74.2216,75.306,652781.0,56.5096,70.8579,70.6973,47528973.0,4.573
688069.XSHG,2021-03-17,89.0619,0.0,73.2778,74.2919,585071.0,59.3813,74.2919,71.7917,42536471.0,4.0986
688069.XSHG,2021-03-18,87.9373,0.0,75.296,75.6876,731217.0,58.6182,73.2778,72.9966,54310591.0,5.1224
688069.XSHG,2021-03-19,90.3572,0.0,74.1011,76.1093,785484.0,60.2348,75.1855,73.9003,58737649.0,5.5026
688069.XSHG,2021-03-22,88.9213,0.0,76.4406,76.782,742916.0,59.2809,73.9605,73.9605,56054588.0,5.2044
688069.XSHG,2021-03-23,91.7327,0.0,75.306,77.6154,761816.0,61.1485,77.5049,74.6835,57346680.0,5.3368
688069.XSHG,2021-03-24,90.3672,0.0,72.8661,76.3101,764363.0,60.2448,74.9345,72.4142,56367990.0,5.3546
688069.XSHG,2021-03-25,87.4353,0.0,69.2815,72.4946,1228283.0,58.2969,72.4946,68.5887,85513815.0,8.6046
688069.XSHG,2021-03-26,83.1378,0.0,70.6169,71.6813,642063.0,55.4252,68.9602,68.9602,45211089.0,4.4979
688069.XSHG,2021-03-29,84.7444,0.0,70.8077,71.9825,552384.0,56.4895,70.6672,70.386,39164443.0,3.8697
688069.XSHG,2021-03-30,84.9652,0.0,69.5225,70.5667,366077.0,56.6502,70.5667,69.1711,25384539.0,2.5645
688069.XSHG,2021-03-31,83.429,0.0,68.8598,70.1149,376237.0,55.616,69.5225,68.659,25954359.0,2.6357
688069.XSHG,2021-04-01,82.6358,0.0,69.9743,70.7575,676565.0,55.0838,68.5787,67.7754,46455363.0,4.7396
688069.XSHG,2021-04-02,83.9712,0.0,70.2454,70.2454,337224.0,55.9775,69.2815,68.2875,23336192.0,2.3624
688069.XSHG,2021-04-06,84.2925,0.0,70.2756,70.627,404458.0,56.1984,70.145,68.9602,28067543.0,2.8334
688069.XSHG,2021-04-07,84.3327,0.0,69.2514,71.2696,697657.0,56.2184,70.1852,69.0004,48678082.0,4.8873
688069.XSHG,2021-04-08,83.0977,0.0,69.3418,69.7434,421128.0,55.4051,69.4221,68.91,29074276.0,2.9502
688069.XSHG,2021-04-09,83.2081,0.0,67.4742,69.7434,636528.0,55.4754,69.3518,67.1428,43128350.0,4.4591
688069.XSHG,2021-04-12,80.969,0.0,66.2693,68.1268,378075.0,53.9793,67.434,66.1488,25332601.0,2.6486
688069.XSHG,2021-04-13,79.5231,0.0,65.1748,66.7512,422048.0,53.0154,66.2793,64.9439,27607542.0,2.9566
688069.XSHG,2021-04-14,78.2078,0.0,66.6508,67.1529,271358.0,52.1419,65.3254,64.9841,17944802.0,1.901
688069.XSHG,2021-04-15,79.985,0.0,65.2652,66.8717,368399.0,53.3166,66.8717,65.0543,23990159.0,2.5808
688069.XSHG,2021-04-16,78.3182,0.0,66.5705,66.7211,201646.0,52.2122,65.0644,65.0644,13282361.0,1.4126
688069.XSHG,2021-04-19,79.8846,0.0,70.9483,71.2294,844012.0,53.2564,66.5705,66.2793,58284315.0,5.9126
688069.XSHG,2021-04-20,85.1359,0.0,73.5991,73.9003,890558.0,56.7606,70.7876,69.7836,64029789.0,6.2387
688069.XSHG,2021-04-21,88.3189,0.0,71.8319,73.6292,381195.0,58.8793,73.6292,71.2897,27333855.0,2.6704
688069.XSHG,2021-04-22,86.2003,0.0,74.1714,75.1152,677487.0,57.4635,72.9966,71.9423,49924515.0,4.746
688069.XSHG,2021-04-23,89.0017,0.0,75.6072,76.0089,568520.0,59.3411,74.1714,73.8501,42494950.0,3.9827
688069.XSHG,2021-04-26,90.7287,0.0,77.2037,79.5231,653839.0,60.4858,75.4064,75.1755,50383044.0,4.5804
688069.XSHG,2021-04-27,92.6465,0.0,75.5871,78.4287,858912.0,61.761,76.5711,73.579,64894871.0,6.017
688069.XSHG,2021-04-28,90.7086,0.0,67.9963,74.3019,1402047.0,60.4657,74.0007,67.4842,97331416.0,9.8219
688069.XSHG,2021-04-29,81.5915,0.0,69.5024,71.2897,736419.0,54.4011,68.2774,67.9963,51464541.0,5.1589
688069.XSHG,2021-04-30,83.3989,0.0,67.2131,70.7475,696283.0,55.606,69.5024,66.5805,47077006.0,4.8777
688069.XSHG,2021-05-06,80.6577,0.0,67.183,68.659,483137.0,53.7685,67.2432,66.7914,32370489.0,3.3846
688069.XSHG,2021-05-07,80.6176,0.0,65.5162,67.8758,445406.0,53.7484,67.8758,65.4058,29411870.0,3.1202
688069.XSHG,2021-05-10,78.6195,0.0,65.5263,66.9621,383940.0,52.413,65.466,65.1949,25193376.0,2.6896
688069.XSHG,2021-05-11,78.6295,0.0,64.2912,65.9179,527305.0,52.423,65.9179,63.4579,33733621.0,3.694
688069.XSHG,2021-05-12,77.1535,0.0,64.3816,64.6326,281743.0,51.429,64.241,63.5884,18014569.0,1.9737
688069.XSHG,2021-05-13,77.2539,0.0,62.7751,64.964,508686.0,51.5093,63.9699,62.765,32205112.0,3.5635
688069.XSHG,2021-05-14,75.3261,0.0,64.9539,65.0142,321127.0,50.2241,63.6285,62.7751,20599620.0,2.2496
688069.XSHG,2021-05-17,77.9467,0.0,64.2109,65.2652,314675.0,51.9611,64.4519,63.4679,20037759.0,2.2044
688069.XSHG,2021-05-18,77.0531,0.0,63.8193,64.723,286511.0,51.3687,64.723,63.4277,18194399.0,2.0071
688069.XSHG,2021-05-19,76.5812,0.0,64.8134,65.6367,329649.0,51.0575,63.5281,63.257,21222275.0,2.3093
688069.XSHG,2021-05-20,77.776,0.0,64.2611,65.0443,263977.0,51.8507,64.4619,63.5583,16831874.0,1.8493
688069.XSHG,2021-05-21,77.1133,0.0,64.2109,65.5965,289927.0,51.4089,64.2611,63.6386,18714274.0,2.031
688069.XSHG,2021-05-24,77.0531,0.0,64.1406,64.7531,195584.0,51.3687,64.7531,63.7792,12492324.0,1.3701
688069.XSHG,2021-05-25,76.9728,0.0,63.739,64.472,478301.0,51.3085,64.472,63.006,30243744.0,3.3507
688069.XSHG,2021-05-26,76.4908,0.0,65.2652,65.4459,438796.0,50.9872,63.6587,63.6486,28284322.0,3.0739
688069.XSHG,2021-05-27,78.3182,0.0,66.45,66.8717,417779.0,52.2122,65.2652,64.9238,27496278.0,2.9267
688069.XSHG,2021-05-28,79.744,0.0,66.0785,67.0023,362106.0,53.156,66.4199,65.2853,23869225.0,2.5367
688069.XSHG,2021-05-31,79.2922,0.0,67.5545,67.7754,455131.0,52.8648,65.7773,65.7472,30511430.0,3.1884
688069.XSHG,2021-06-01,81.0694,0.0,68.5485,68.5987,511997.0,54.0396,68.157,67.4842,34731732.0,3.5867
688069.XSHG,2021-06-02,82.2542,0.0,69.7434,70.2555,793984.0,54.8428,68.5485,67.9059,54806536.0,5.5622
688069.XSHG,2021-06-03,83.6901,0.0,69.6329,70.1551,630162.0,55.7967,69.7434,68.3176,43651508.0,4.4145
688069.XSHG,2021-06-04,83.5595,0.0,67.2734,69.6329,580959.0,55.7064,68.9903,67.2734,39353464.0,4.0698
688069.XSHG,2021-06-07,80.728,0.0,67.2633,68.0867,450807.0,53.8187,67.7252,66.932,30231022.0,3.1581
688069.XSHG,2021-06-08,80.718,0.0,66.8516,67.5645,301082.0,53.8086,66.9521,66.5504,20083836.0,2.1092
688069.XSHG,2021-06-09,80.226,0.0,66.5404,67.5746,241077.0,53.4773,66.8516,66.2793,16030168.0,1.6888
688069.XSHG,2021-06-10,79.8444,0.0,66.6609,66.7713,426696.0,53.2363,66.7713,65.948,28233100.0,2.9892
688069.XSHG,2021-06-11,79.9951,0.0,60.2448,66.3396,1670774.0,53.3267,66.3396,59.3411,102541382.0,11.7044
688069.XSHG,2021-06-15,72.2938,0.0,58.6081,60.0239,582724.0,48.1958,59.8331,58.2366,34281177.0,4.0822
688069.XSHG,2021-06-16,70.3258,0.0,58.0806,59.7039,405608.0,46.8906,58.6488,57.827,23491618.0,2.8414
688069.XSHG,2021-06-17,69.6968,0.0,57.7763,58.385,357348.0,46.4645,57.8372,57.3198,20374963.0,2.5034
688069.XSHG,2021-06-18,69.3315,0.0,59.3488,59.6328,415322.0,46.221,57.7661,57.5024,24056996.0,2.9095
688069.XSHG,2021-06-21,71.2185,0.0,59.9676,60.1502,317975.0,47.479,59.3285,59.0647,18681993.0,2.2275
688069.XSHG,2021-06-22,71.9591,0.0,59.5314,60.3531,315257.0,47.9761,59.9879,59.0241,18474417.0,2.2085
688069.XSHG,2021-06-23,71.4417,0.0,59.6633,60.8097,313573.0,47.6211,59.6531,59.4502,18564079.0,2.1967
688069.XSHG,2021-06-24,71.5939,0.0,59.3488,59.7343,252005.0,47.7326,59.6531,58.8618,14702561.0,1.7654
688069.XSHG,2021-06-25,71.2185,639.0,59.4604,59.5314,246921.0,47.479,59.156,58.8212,14380236.0,1.7298
688069.XSHG,2021-06-28,71.3504,798.0,59.8966,60.6981,396720.0,47.5703,59.3792,59.3285,23402133.0,2.7792
688069.XSHG,2021-06-29,71.878,898.0,60.3024,61.1546,438101.0,47.9153,59.8966,59.7546,26128519.0,3.0691
688069.XSHG,2021-06-30,72.3649,994.0,60.5459,61.4691,369167.0,48.2399,60.3633,60.272,22086849.0,2.5862
688069.XSHG,2021-07-01,72.6591,821.0,59.4096,60.5662,398454.0,48.4327,60.5662,59.0546,23359466.0,2.7913
688069.XSHG,2021-07-02,71.2895,660.0,59.5212,60.0488,305181.0,47.5297,59.4096,58.3343,17873099.0,2.1379
688069.XSHG,2021-07-05,71.4214,610.0,59.6836,60.3227,283951.0,47.6211,59.5212,59.3589,16746167.0,1.9892
688069.XSHG,2021-07-06,71.6243,604.0,59.4807,60.4647,251345.0,47.7428,59.3792,59.0546,14782618.0,1.7608
688069.XSHG,2021-07-07,71.3809,784.0,59.856,60.3937,330707.0,47.5805,59.3792,58.4662,19484076.0,2.3167
688069.XSHG,2021-07-08,71.8272,1515.0,61.601,62.2706,648196.0,47.8848,59.7444,59.3894,39178126.0,4.5409
688069.XSHG,2021-07-09,73.9171,843.0,61.885,62.0677,380991.0,49.2848,60.8705,60.8705,23140265.0,2.669
688069.XSHG,2021-07-12,74.2621,880.0,61.8039,62.6764,407305.0,49.508,62.5851,61.1749,24730546.0,2.8533
688069.XSHG,2021-07-13,74.1606,685.0,61.6111,61.8648,230518.0,49.4472,61.4691,61.2763,13975554.0,1.6149
688069.XSHG,2021-07-14,73.9374,1026.0,60.3126,61.6821,388401.0,49.2848,61.1749,60.0589,23170386.0,2.7209
688069.XSHG,2021-07-15,72.3751,1153.0,58.456,61.1445,434018.0,48.25,60.7184,58.3241,25286991.0,3.0405
688069.XSHG,2021-07-16,70.1432,585.0,59.1357,59.2981,244466.0,46.7689,58.3444,58.3343,14192601.0,1.7126
688069.XSHG,2021-07-19,70.9649,803.0,57.7256,59.0444,306917.0,47.3066,59.0444,57.34,17442087.0,2.1501
688069.XSHG,2021-07-20,69.2707,679.0,57.0864,57.685,215706.0,46.1804,57.1777,56.8937,12141118.0,1.5111
688069.XSHG,2021-07-21,68.4996,1229.0,59.0241,60.1807,545404.0,45.6732,57.1879,57.1879,31723241.0,3.8208
688069.XSHG,2021-07-22,70.833,2119.0,61.9966,63.1938,847306.0,47.2152,59.0444,58.0502,50939126.0,3.4549
688069.XSHG,2021-07-23,74.3939,1227.0,60.5155,61.9966,456944.0,49.5993,61.3778,60.2618,27428587.0,1.8632
688069.XSHG,2021-07-26,72.6186,912.0,59.1459,60.7184,343650.0,48.4124,60.5155,58.5169,20119776.0,1.4012
688069.XSHG,2021-07-27,70.975,1319.0,59.6633,60.5459,454176.0,47.3167,59.1459,58.5575,26766789.0,1.8519
688069.XSHG,2021-07-28,71.5939,1917.0,60.9923,61.8749,695556.0,47.7326,59.7039,58.6285,41676010.0,2.8361
688069.XSHG,2021-07-29,73.1867,1257.0,60.6778,62.23,544967.0,48.7979,61.8648,60.5256,32746375.0,2.2221
688069.XSHG,2021-07-30,72.8113,1455.0,61.9053,62.4836,607104.0,48.5443,60.1604,60.1604,36945367.0,2.4755
688069.XSHG,2021-08-02,74.2823,1997.0,63.2546,64.3909,731113.0,49.5283,62.1793,61.3778,45814344.0,2.9811
688069.XSHG,2021-08-03,75.9056,1263.0,63.1633,64.3402,473624.0,50.6037,63.3054,62.6967,29591428.0,1.9312
688069.XSHG,2021-08-04,75.794,882.0,63.3054,63.6097,321725.0,50.5327,62.788,62.2909,19965309.0,1.3118
688069.XSHG,2021-08-05,75.9664,894.0,62.2198,63.6097,411234.0,50.6443,63.3561,61.6821,25246134.0,1.6768
688069.XSHG,2021-08-06,74.6679,845.0,61.4184,62.1894,367138.0,49.7718,62.1793,60.901,22210170.0,1.497
688069.XSHG,2021-08-09,73.7041,2433.0,64.3199,64.9286,867170.0,49.1327,61.4792,60.6372,53970245.0,3.5359
688069.XSHG,2021-08-10,77.1838,1262.0,63.8329,64.8068,487640.0,51.4559,64.3199,63.2141,30619992.0,1.9884
688069.XSHG,2021-08-11,76.5954,843.0,63.8431,64.4213,313779.0,51.0704,64.4213,63.63,19756418.0,1.2794
688069.XSHG,2021-08-12,76.6157,1338.0,65.1619,65.2329,610313.0,51.0704,63.5996,63.5184,38841924.0,2.4886
688069.XSHG,2021-08-13,78.1984,1326.0,64.4213,65.5373,504657.0,52.1255,65.5373,63.6401,32022732.0,2.0577
688069.XSHG,2021-08-16,77.3056,1253.0,64.117,65.2126,441756.0,51.5371,64.8677,63.5387,28009996.0,1.8013
688069.XSHG,2021-08-17,76.9404,1384.0,62.1691,64.5938,509334.0,51.2936,64.5938,61.885,31629235.0,2.0768
688069.XSHG,2021-08-18,74.607,2003.0,64.8271,65.3953,757722.0,49.7312,62.1082,61.5807,47615153.0,3.0896
688069.XSHG,2021-08-19,77.7926,3962.0,54.6922,57.827,2181178.0,51.8617,57.0154,54.3878,119198724.0,8.8938
688069.XSHG,2021-08-20,65.6286,1500.0,53.0791,54.6922,756497.0,43.7558,54.4994,52.7545,39737009.0,3.0846
688069.XSHG,2021-08-23,63.6909,1070.0,53.6269,53.911,436878.0,42.4673,53.1298,52.7748,23019653.0,1.7814
688069.XSHG,2021-08-24,64.3503,719.0,53.8197,54.2154,362813.0,42.9036,53.6269,53.069,19237694.0,1.4794
688069.XSHG,2021-08-25,64.5836,1240.0,54.1545,54.4386,475716.0,43.0558,53.9414,53.3632,25280692.0,1.9397
688069.XSHG,2021-08-26,64.9894,626.0,53.8298,54.1545,315526.0,43.3195,54.1342,53.424,16737743.0,1.2866
688069.XSHG,2021-08-27,64.5938,800.0,53.0284,54.053,432153.0,43.0659,53.911,52.7646,22669244.0,1.7621
688069.XSHG,2021-08-30,63.63,604.0,52.5921,53.0588,289618.0,42.4268,53.0588,52.1356,14979544.0,1.1809
688069.XSHG,2021-08-31,63.1126,879.0,53.5153,54.3472,466718.0,42.0717,52.9168,52.9168,24668727.0,1.903
688069.XSHG,2021-09-01,64.2184,634.0,53.0588,53.4139,308617.0,42.8123,53.282,52.6327,16128674.0,1.2584
688069.XSHG,2021-09-02,63.6706,550.0,52.9168,53.14,255140.0,42.4471,53.0385,52.5008,13274967.0,1.0403
688069.XSHG,2021-09-03,63.4981,473.0,52.8356,53.6269,218919.0,42.3355,53.2313,52.653,11432275.0,0.8926
688069.XSHG,2021-09-06,63.4068,472.0,53.0893,53.2516,189359.0,42.2644,52.9371,52.6632,9882677.0,0.7721
688069.XSHG,2021-09-07,63.7112,647.0,53.5153,53.7183,303015.0,42.4673,53.2516,53.0487,15933837.0,1.2355
688069.XSHG,2021-09-08,64.2184,584.0,53.5965,54.2559,346412.0,42.8123,53.5052,53.3124,18346233.0,1.4125
688069.XSHG,2021-09-09,64.3199,688.0,54.4386,54.54,419632.0,42.8732,53.9313,53.5255,22368816.0,1.7111
688069.XSHG,2021-09-10,65.3242,448.0,54.1342,54.5501,239797.0,43.5529,53.982,53.769,12800309.0,0.9778
688069.XSHG,2021-09-13,64.959,422.0,54.0226,54.7632,236123.0,43.3094,54.7632,53.9414,12650354.0,0.9628
688069.XSHG,2021-09-14,64.8271,523.0,53.7081,54.3878,188129.0,43.2181,53.5965,53.3429,9980593.0,0.7671
688069.XSHG,2021-09-15,64.4518,462.0,54.0632,54.2052,206102.0,42.9645,53.7081,53.3632,10945217.0,0.8404
688069.XSHG,2021-09-16,64.8779,550.0,53.2617,54.3371,273124.0,43.2485,53.5661,53.1806,14461851.0,1.1137
688069.XSHG,2021-09-17,63.9141,515.0,53.7893,53.9719,199275.0,42.6094,53.1704,52.7646,10469889.0,0.8125
688069.XSHG,2021-09-22,64.5431,332.0,53.211,53.7588,111399.0,43.0355,53.0081,53.0081,5856558.0,0.4542
688069.XSHG,2021-09-23,63.8532,526.0,54.2762,54.3878,272487.0,42.5688,53.211,53.211,14465847.0,1.1111
688069.XSHG,2021-09-24,65.1315,486.0,54.0327,54.4791,207906.0,43.421,54.4791,53.6269,11079770.0,0.8477
688069.XSHG,2021-09-27,64.8373,437.0,53.0588,54.3777,238474.0,43.2282,53.6472,52.6327,12486022.0,0.9724
688069.XSHG,2021-09-28,63.6706,253.0,52.4501,53.0081,128261.0,42.4471,52.4298,52.4197,6647570.0,0.523
688069.XSHG,2021-09-29,62.9401,691.0,50.7254,52.9066,283337.0,41.9601,52.9066,50.6139,14329515.0,1.1553
688069.XSHG,2021-09-30,60.8705,294.0,50.6037,51.6487,129391.0,40.5804,51.6487,50.6037,6486159.0,0.5276
688069.XSHG,2021-10-08,60.7285,244.0,50.9791,51.4863,126161.0,40.4789,50.9385,50.7254,6349313.0,0.5144
688069.XSHG,2021-10-11,61.1749,374.0,51.2124,51.3139,137136.0,40.7833,51.3037,50.2486,6869775.0,0.5592
688069.XSHG,2021-10-12,61.459,372.0,50.2892,51.1211,171110.0,40.9659,51.111,50.0965,8501385.0,0.6977
688069.XSHG,2021-10-13,60.343,271.0,50.3704,50.5225,139945.0,40.2354,50.3196,49.7921,6919419.0,0.5706
688069.XSHG,2021-10-14,60.4444,222.0,50.5124,50.5733,96652.0,40.2963,50.3704,50.1167,4804800.0,0.3941
688069.XSHG,2021-10-15,60.6169,377.0,50.6747,51.4356,127681.0,40.4079,51.0298,50.2994,6361584.0,0.5206
688069.XSHG,2021-10-18,60.8097,201.0,50.7559,51.0197,93913.0,40.5398,50.6037,50.2994,4691139.0,0.3829
688069.XSHG,2021-10-19,60.9111,349.0,50.2182,51.1617,185439.0,40.6007,51.1617,50.2182,9217821.0,0.7561
688069.XSHG,2021-10-20,60.2618,371.0,49.7718,50.3095,151092.0,40.1746,49.7617,49.6298,7430924.0,0.6161
688069.XSHG,2021-10-21,59.7241,536.0,48.9805,50.137,209825.0,39.8195,50.1269,48.7573,10169285.0,0.8556
688069.XSHG,2021-10-22,58.7807,656.0,48.0269,48.6964,229708.0,39.1803,48.6761,47.8138,10897259.0,0.9366
688069.XSHG,2021-10-25,57.6343,486.0,47.4283,48.6457,223941.0,38.4195,48.1892,47.2051,10495743.0,0.9131
688069.XSHG,2021-10-26,56.914,377.0,47.0732,47.479,164367.0,37.9426,47.1848,46.9819,7635394.0,0.6702
688069.XSHG,2021-10-27,56.4879,852.0,45.6022,47.0631,349997.0,37.6586,47.0631,44.8413,15748466.0,1.4271
688069.XSHG,2021-10-28,54.7226,1461.0,47.6819,48.4935,535471.0,36.4817,45.4906,44.8717,24610626.0,2.1834
688069.XSHG,2021-10-29,57.2183,915.0,46.6877,48.25,364971.0,38.1455,47.55,45.866,16962062.0,1.4882
688069.XSHG,2021-11-01,56.0212,1090.0,49.8834,50.7052,449302.0,37.3542,47.1544,46.8399,21917078.0,1.832
688069.XSHG,2021-11-02,59.856,561.0,48.7167,49.9747,225765.0,39.9108,49.2646,48.3921,10928348.0,0.9206
688069.XSHG,2021-11-03,58.456,512.0,49.4066,49.7617,180547.0,38.9774,49.7617,48.4124,8714329.0,0.7362
688069.XSHG,2021-11-04,59.2879,414.0,49.1834,49.7617,162267.0,39.5253,48.6964,48.6964,7898892.0,0.6616
688069.XSHG,2021-11-05,59.0241,381.0,48.5645,49.1834,191001.0,39.3427,49.1834,48.5138,9177254.0,0.7788
688069.XSHG,2021-11-08,58.2734,789.0,50.5327,51.5168,358672.0,38.8557,49.4066,48.25,17811103.0,1.4625
688069.XSHG,2021-11-09,60.6372,432.0,49.9138,51.2631,185801.0,40.4282,50.3704,49.7109,9199121.0,0.7576
688069.XSHG,2021-11-10,59.8966,543.0,50.624,50.6646,238512.0,39.9311,49.6196,49.437,11784442.0,0.9725
688069.XSHG,2021-11-11,60.7488,696.0,51.5371,52.0139,271317.0,40.4992,49.7211,49.7211,13785664.0,1.1063
688069.XSHG,2021-11-12,61.8445,379.0,51.8414,52.4298,176275.0,41.2296,50.7254,50.7254,8981446.0,0.7188
688069.XSHG,2021-11-15,62.2097,596.0,51.8617,52.4806,215677.0,41.4731,52.2269,51.0805,11097501.0,0.8794
688069.XSHG,2021-11-16,62.23,535.0,50.7559,52.7545,225328.0,41.4934,51.8617,50.4921,11354294.0,0.9188
688069.XSHG,2021-11-17,60.9111,891.0,50.9588,52.024,392965.0,40.6007,50.5023,50.5023,19811049.0,1.6023
688069.XSHG,2021-11-18,61.1546,618.0,50.3298,51.6182,256455.0,40.763,50.9588,50.2791,12812200.0,1.0457
688069.XSHG,2021-11-19,60.3937,719.0,50.1675,50.6544,267165.0,40.2659,50.0559,49.6095,13166154.0,1.0894
688069.XSHG,2021-11-22,60.201,632.0,49.8327,50.624,285563.0,40.134,50.5733,49.6704,14043637.0,1.1644
688069.XSHG,2021-11-23,59.7952,551.0,50.4718,50.8269,155610.0,39.8702,49.8022,49.8022,7715352.0,0.6345
688069.XSHG,2021-11-24,60.5662,874.0,51.5573,51.74,283714.0,40.3775,50.695,49.924,14259563.0,1.1568
688069.XSHG,2021-11-25,61.8648,1730.0,54.2762,54.7328,801189.0,41.2499,51.7197,51.3139,42386945.0,3.2669
688069.XSHG,2021-11-26,65.1315,1696.0,55.7371,56.5082,733240.0,43.421,54.4386,53.3124,40184037.0,2.9898
688069.XSHG,2021-11-29,66.8866,935.0,55.4835,56.5893,365104.0,44.5877,54.9255,54.8038,19949466.0,1.4887
688069.XSHG,2021-11-30,66.5822,1101.0,56.9241,56.9647,487245.0,44.3848,54.9661,54.9458,27075333.0,1.9867
688069.XSHG,2021-12-01,68.3069,651.0,56.4574,57.2589,303456.0,45.5413,57.2589,55.9705,16880571.0,1.2373
688069.XSHG,2021-12-02,67.7489,1028.0,54.4791,56.4574,407058.0,45.1659,56.4473,54.1545,22048297.0,1.6598
688069.XSHG,2021-12-03,65.375,426.0,54.5197,55.0371,150750.0,43.5833,55.0067,54.2864,8096034.0,0.6147
688069.XSHG,2021-12-06,65.4257,897.0,52.6023,54.6617,344575.0,43.6137,54.5806,52.5516,18075946.0,1.405
688069.XSHG,2021-12-07,63.1227,446.0,52.5313,53.1704,169834.0,42.0818,53.0588,51.9226,8814464.0,0.6925
688069.XSHG,2021-12-08,63.0416,426.0,52.3081,53.2617,167160.0,42.021,53.2617,52.2878,8662039.0,0.6816
688069.XSHG,2021-12-09,62.7677,523.0,53.0385,53.4545,194508.0,41.8485,52.1255,52.1255,10162450.0,0.7931
688069.XSHG,2021-12-10,63.6503,620.0,53.9009,54.3777,181503.0,42.4268,53.0385,52.8661,9633753.0,0.7401
688069.XSHG,2021-12-13,64.6851,311.0,53.9719,54.2762,145190.0,43.1166,53.6675,53.4951,7707596.0,0.592
688069.XSHG,2021-12-14,64.7663,276.0,53.9719,54.4588,110660.0,43.1775,54.2762,53.5356,5890773.0,0.4512
688069.XSHG,2021-12-15,64.7663,381.0,53.3632,54.1849,128360.0,43.1775,54.1849,53.2719,6769630.0,0.5234
688069.XSHG,2021-12-16,64.0358,380.0,53.7385,54.2661,143595.0,42.6905,53.3632,52.998,7602403.0,0.5855
688069.XSHG,2021-12-17,64.4822,348.0,52.9878,54.0632,129202.0,42.9949,53.4443,52.9878,6786309.0,0.5268
688069.XSHG,2021-12-20,63.5894,269.0,52.9066,53.2719,94115.0,42.3862,52.653,52.653,4906856.0,0.3838
688069.XSHG,2021-12-21,63.488,417.0,52.724,52.8762,155721.0,42.3253,52.0747,52.024,8052261.0,0.635
688069.XSHG,2021-12-22,63.2648,456.0,52.2269,53.1907,180529.0,42.1833,53.1806,52.1559,9325940.0,0.6198
688069.XSHG,2021-12-23,62.6764,752.0,50.6747,52.1559,271066.0,41.7775,52.095,50.6747,13677541.0,0.9307
688069.XSHG,2021-12-24,60.8097,888.0,49.6399,50.6849,343033.0,40.5398,50.6849,49.1428,16801711.0,1.1778
688069.XSHG,2021-12-27,59.572,517.0,49.3051,50.0051,166300.0,39.7079,49.6602,49.0515,8092989.0,0.571
688069.XSHG,2021-12-28,59.1662,500.0,49.508,49.6095,219919.0,39.4441,49.3356,49.1225,10708005.0,0.7551
688069.XSHG,2021-12-29,59.4096,498.0,49.3863,49.8225,228531.0,39.6064,49.5993,49.1022,11143395.0,0.7847
688069.XSHG,2021-12-30,59.2676,406.0,49.853,50.4921,164175.0,39.505,49.6399,49.5892,8103182.0,0.5637
688069.XSHG,2021-12-31,59.8256,485.0,50.2182,50.6341,201609.0,39.8803,50.5124,49.8428,9984884.0,0.6922
688069.XSHG,2022-01-04,60.2618,840.0,51.5675,51.6689,412627.0,40.1746,50.695,49.9037,20716137.0,1.4168
688069.XSHG,2022-01-05,61.885,454.0,50.9486,51.5675,259201.0,41.2499,51.5573,50.4008,13004972.0,0.89
688069.XSHG,2022-01-06,61.1343,341.0,51.4559,51.6689,162982.0,40.763,51.0095,50.6544,8238174.0,0.5596
688069.XSHG,2022-01-07,61.743,476.0,50.5327,52.0342,219997.0,41.1688,52.0342,50.5327,11063300.0,0.7554
688069.XSHG,2022-01-10,60.6372,466.0,51.74,52.024,157873.0,40.4282,51.1211,50.4312,8009904.0,0.5421
688069.XSHG,2022-01-11,62.088,314.0,51.74,52.2168,105914.0,41.392,52.2066,51.6284,5416270.0,0.3637
688069.XSHG,2022-01-12,62.088,684.0,52.4501,52.9269,185338.0,41.392,52.1153,51.395,9572307.0,0.6364
688069.XSHG,2022-01-13,62.9401,353.0,51.9632,52.724,129898.0,41.9601,52.4095,51.9429,6697618.0,0.446
688069.XSHG,2022-01-14,62.3517,275.0,51.5573,52.2168,133127.0,41.5746,52.2168,51.3646,6803159.0,0.4571
688069.XSHG,2022-01-17,61.8648,770.0,51.0907,51.9023,268398.0,41.2499,50.8472,50.3196,13467183.0,0.9215
688069.XSHG,2022-01-18,61.3068,547.0,50.4718,51.2226,182590.0,40.8746,51.2226,50.3805,9098934.0,0.6269
688069.XSHG,2022-01-19,60.5662,304.0,50.6139,51.0095,114946.0,40.3775,50.2588,50.2588,5735062.0,0.3947
688069.XSHG,2022-01-20,60.7387,532.0,49.5993,50.9892,218749.0,40.4891,50.9892,49.295,10759649.0,0.7511
688069.XSHG,2022-01-21,59.5212,323.0,49.295,49.7211,157284.0,39.6774,49.7211,48.8689,7615669.0,0.54
688069.XSHG,2022-01-24,59.156,356.0,48.7472,49.9646,138721.0,39.434,49.2037,48.7472,6739076.0,0.4763
688069.XSHG,2022-01-25,58.4966,488.0,47.2558,49.2037,183226.0,38.9977,49.2037,47.2051,8642888.0,0.6291
688069.XSHG,2022-01-26,56.7111,229.0,47.7428,48.0776,66498.0,37.8006,48.0776,47.0022,3112108.0,0.2283
688069.XSHG,2022-01-27,57.2893,420.0,46.4645,47.6109,171299.0,38.1963,47.479,45.8051,7915344.0,0.5882
688069.XSHG,2022-01-28,55.7574,412.0,47.6718,47.6819,178013.0,37.1716,47.4993,45.6529,8188120.0,0.6112
688069.XSHG,2022-02-07,57.2082,300.0,48.2095,48.7776,102032.0,38.1354,47.9761,47.6718,4864047.0,0.3503
688069.XSHG,2022-02-08,57.8473,333.0,48.6964,49.0718,95223.0,38.5716,48.6559,47.7428,4565855.0,0.3269
688069.XSHG,2022-02-09,58.4357,472.0,48.5645,49.0008,146859.0,38.9571,48.5747,48.1892,7035834.0,0.5042
688069.XSHG,2022-02-10,58.2734,356.0,48.1689,49.4877,126753.0,38.8557,48.666,48.1587,6067174.0,0.4352
688069.XSHG,2022-02-11,57.8067,282.0,47.5805,48.4327,98558.0,38.5311,48.1689,47.2761,4644741.0,0.3384
688069.XSHG,2022-02-14,57.0966,295.0,47.4182,48.4732,122403.0,38.0644,48.4732,46.8196,5725646.0,0.4203
688069.XSHG,2022-02-15,56.9038,377.0,46.7283,47.4689,182664.0,37.9325,46.7689,46.6674,8454120.0,0.6272
688069.XSHG,2022-02-16,56.0719,331.0,47.5297,47.6312,126160.0,37.3847,46.7283,46.7283,5893878.0,0.4332
688069.XSHG,2022-02-17,57.0357,812.0,48.4631,49.2037,329910.0,38.0238,47.7834,47.7834,15835850.0,1.1327
688069.XSHG,2022-02-18,58.1517,406.0,47.8037,48.4631,132706.0,38.7745,48.4631,46.9718,6237391.0,0.4556
688069.XSHG,2022-02-21,57.3603,609.0,48.6964,49.2037,198993.0,38.247,47.4587,47.4587,9563131.0,0.6832
688069.XSHG,2022-02-22,58.4357,438.0,48.0979,48.5443,118983.0,38.9571,47.9863,47.4993,5632770.0,0.4085
688069.XSHG,2022-02-23,57.7154,322.0,48.4225,49.0008,114610.0,38.4803,48.0776,47.7834,5476197.0,0.3935
688069.XSHG,2022-02-24,58.1111,493.0,47.6921,49.0819,173857.0,38.734,48.666,47.195,8248292.0,0.5969
688069.XSHG,2022-02-25,57.2285,244.0,47.6718,48.666,97977.0,38.1557,48.666,47.6718,4629760.0,0.3364
688069.XSHG,2022-02-28,57.2082,497.0,47.8138,48.5341,186573.0,38.1354,47.5805,46.9921,8753089.0,0.6406
688069.XSHG,2022-03-01,57.3806,493.0,47.5602,48.524,186746.0,38.247,47.5906,47.3268,8812889.0,0.6412
688069.XSHG,2022-03-02,57.0763,218.0,47.5906,47.8442,108619.0,38.0441,47.6718,47.195,5102801.0,0.3729
688069.XSHG,2022-03-03,57.1067,389.0,47.6616,48.4732,168087.0,38.0745,48.4732,47.3776,7915872.0,0.5771
688069.XSHG,2022-03-04,57.198,538.0,46.8906,47.9153,218095.0,38.1252,47.4689,46.6776,10156840.0,0.7488
